tests/fixtures/reference/slope/input-dem.asc
ncols 120
nrows 100
xllcorner 500000
yllcorner 4600000
cellsize 1
NODATA_value -9999
[rows 0 to 27 of 100, columns 0 to 62 of 120]
5.688550 5.492250 5.299950 5.111650 4.927350 4.747050 4.570750 4.398450 4.230150 4.065850 3.905550 3.749250 3.596950 3.448650 3.304350 3.164050 3.027750 2.895450 2.767150 2.642850 2.522550 2.406250 2.293950 2.185650 2.081350 1.981050 1.884750 1.792450 1.704150 1.619850 1.539550 1.463250 1.390950 1.322650 1.258350 1.198050 1.141750 1.089450 1.041150 0.996850 0.956550 0.920250 0.887950 0.859650 0.835350 0.815050 0.798750 0.786450 0.778150 0.773850 0.773550 0.777250 0.784950 0.796650 0.812350 0.832050 0.855750 0.883450 0.915150 0.950850 0.990550 1.034250 1.081950
5.665850 5.468950 5.276050 5.087150 4.902250 4.721350 4.544450 4.371550 4.202650 4.037750 3.876850 3.719950 3.567050 3.418150 3.273250 3.132350 2.995450 2.862550 2.733650 2.608750 2.487850 2.370950 2.258050 2.149150 2.044250 1.943350 1.846450 1.753550 1.664650 1.579750 1.498850 1.421950 1.349050 1.280150 1.215250 1.154350 1.097450 1.044550 0.995650 0.950750 0.909850 0.872950 0.840050 0.811150 0.786250 0.765350 0.748450 0.735550 0.726650 0.721750 0.720850 0.723950 0.731050 0.742150 0.757250 0.776350 0.799450 0.826550 0.857650 0.892750 0.931850 0.974950 1.022050
5.644750 5.447250 5.253750 5.064250 4.878750 4.697250 4.519750 4.346250 4.176750 4.011250 3.849750 3.692250 3.538750 3.389250 3.243750 3.102250 2.964750 2.831250 2.701750 2.576250 2.454750 2.337250 2.223750 2.114250 2.008750 1.907250 1.809750 1.716250 1.626750 1.541250 1.459750 1.382250 1.308750 1.239250 1.173750 1.112250 1.054750 1.001250 0.951750 0.906250 0.864750 0.827250 0.793750 0.764250 0.738750 0.717250 0.699750 0.686250 0.676750 0.671250 0.669750 0.672250 0.678750 0.689250 0.703750 0.722250 0.744750 0.771250 0.801750 0.836250 0.874750 0.917250 0.963750
5.625250 5.427150 5.233050 5.042950 4.856850 4.674750 4.496650 4.322550 4.152450 3.986350 3.824250 3.666150 3.512050 3.361950 3.215850 3.073750 2.935650 2.801550 2.671450 2.545350 2.423250 2.305150 2.191050 2.080950 1.974850 1.872750 1.774650 1.680550 1.590450 1.504350 1.422250 1.344150 1.270050 1.199950 1.133850 1.071750 1.013650 0.959550 0.909450 0.863350 0.821250 0.783150 0.749050 0.718950 0.692850 0.670750 0.652650 0.638550 0.628450 0.622350 0.620250 0.622150 0.628050 0.637950 0.651850 0.669750 0.691650 0.717550 0.747450 0.781350 0.819250 0.861150 0.907050
5.607350 5.408650 5.213950 5.023250 4.836550 4.653850 4.475150 4.300450 4.129750 3.963050 3.800350 3.641650 3.486950 3.336250 3.189550 3.046850 2.908150 2.773450 2.642750 2.516050 2.393350 2.274650 2.159950 2.049250 1.942550 1.839850 1.741150 1.646450 1.555750 1.469050 1.386350 1.307650 1.232950 1.162250 1.095550 1.032850 0.974150 0.919450 0.868750 0.822050 0.779350 0.740650 0.705950 0.675250 0.648550 0.625850 0.607150 0.592450 0.581750 0.575050 0.572350 0.573650 0.578950 0.588250 0.601550 0.618850 0.640150 0.665450 0.694750 0.728050 0.765350 0.806650 0.851950
5.591050 5.391750 5.196450 5.005150 4.817850 4.634550 4.455250 4.279950 4.108650 3.941350 3.778050 3.618750 3.463450 3.312150 3.164850 3.021550 2.882250 2.746950 2.615650 2.488350 2.365050 2.245750 2.130450 2.019150 1.911850 1.808550 1.709250 1.613950 1.522650 1.435350 1.352050 1.272750 1.197450 1.126150 1.058850 0.995550 0.936250 0.880950 0.829650 0.782350 0.739050 0.699750 0.664450 0.633150 0.605850 0.582550 0.563250 0.547950 0.536650 0.529350 0.526050 0.526750 0.531450 0.540150 0.552850 0.569550 0.590250 0.614950 0.643650 0.676350 0.713050 0.753750 0.798450
5.576350 5.376450 5.180550 4.988650 4.800750 4.616850 4.436950 4.261050 4.089150 3.921250 3.757350 3.597450 3.441550 3.289650 3.141750 2.997850 2.857950 2.722050 2.590150 2.462250 2.338350 2.218450 2.102550 1.990650 1.882750 1.778850 1.678950 1.583050 1.491150 1.403250 1.319350 1.239450 1.163550 1.091650 1.023750 0.959850 0.899950 0.844050 0.792150 0.744250 0.700350 0.660450 0.624550 0.592650 0.564750 0.540850 0.520950 0.505050 0.493150 0.485250 0.481350 0.481450 0.485550 0.493650 0.505750 0.521850 0.541950 0.566050 0.594150 0.626250 0.662350 0.702450 0.746550
5.563250 5.362750 5.166250 4.973750 4.785250 4.600750 4.420250 4.243750 4.071250 3.902750 3.738250 3.577750 3.421250 3.268750 3.120250 2.975750 2.835250 2.698750 2.566250 2.437750 2.313250 2.192750 2.076250 1.963750 1.855250 1.750750 1.650250 1.553750 1.461250 1.372750 1.288250 1.207750 1.131250 1.058750 0.990250 0.925750 0.865250 0.808750 0.756250 0.707750 0.663250 0.622750 0.586250 0.553750 0.525250 0.500750 0.480250 0.463750 0.451250 0.442750 0.438250 0.437750 0.441250 0.448750 0.460250 0.475750 0.495250 0.518750 0.546250 0.577750 0.613250 0.652750 0.696250
5.551750 5.350650 5.153550 4.960450 4.771350 4.586250 4.405150 4.228050 4.054950 3.885850 3.720750 3.559650 3.402550 3.249450 3.100350 2.955250 2.814150 2.677050 2.543950 2.414850 2.289750 2.168650 2.051550 1.938450 1.829350 1.724250 1.623150 1.526050 1.432950 1.343850 1.258750 1.177650 1.100550 1.027450 0.958350 0.893250 0.832150 0.775050 0.721950 0.672850 0.627750 0.586650 0.549550 0.516450 0.487350 0.462250 0.441150 0.424050 0.410950 0.401850 0.396750 0.395650 0.398550 0.405450 0.416350 0.431250 0.450150 0.473050 0.499950 0.530850 0.565750 0.604650 0.647550
5.541850 5.340150 5.142450 4.948750 4.759050 4.573350 4.391650 4.213950 4.040250 3.870550 3.704850 3.543150 3.385450 3.231750 3.082050 2.936350 2.794650 2.656950 2.523250 2.393550 2.267850 2.146150 2.028450 1.914750 1.805050 1.699350 1.597650 1.499950 1.406250 1.316550 1.230850 1.149150 1.071450 0.997750 0.928050 0.862350 0.800650 0.742950 0.689250 0.639550 0.593850 0.552150 0.514450 0.480750 0.451050 0.425350 0.403650 0.385950 0.372250 0.362550 0.356850 0.355150 0.357450 0.363750 0.374050 0.388350 0.406650 0.428950 0.455250 0.485550 0.519850 0.558150 0.600450
5.533550 5.331250 5.132950 4.938650 4.748350 4.562050 4.379750 4.201450 4.027150 3.856850 3.690550 3.528250 3.369950 3.215650 3.065350 2.919050 2.776750 2.638450 2.504150 2.373850 2.247550 2.125250 2.006950 1.892650 1.782350 1.676050 1.573750 1.475450 1.381150 1.290850 1.204550 1.122250 1.043950 0.969650 0.899350 0.833050 0.770750 0.712450 0.658150 0.607850 0.561550 0.519250 0.480950 0.446650 0.416350 0.390050 0.367750 0.349450 0.335150 0.324850 0.318550 0.316250 0.317950 0.323650 0.333350 0.347050 0.364750 0.386450 0.412150 0.441850 0.475550 0.513250 0.554950
5.526850 5.323950 5.125050 4.930150 4.739250 4.552350 4.369450 4.190550 4.015650 3.844750 3.677850 3.514950 3.356050 3.201150 3.050250 2.903350 2.760450 2.621550 2.486650 2.355750 2.228850 2.105950 1.987050 1.872150 1.761250 1.654350 1.551450 1.452550 1.357650 1.266750 1.179850 1.096950 1.018050 0.943150 0.872250 0.805350 0.742450 0.683550 0.628650 0.577750 0.530850 0.487950 0.449050 0.414150 0.383250 0.356350 0.333450 0.314550 0.299650 0.288750 0.281850 0.278950 0.280050 0.285150 0.294250 0.307350 0.324450 0.345550 0.370650 0.399750 0.432850 0.469950 0.511050
5.521750 5.318250 5.118750 4.923250 4.731750 4.544250 4.360750 4.181250 4.005750 3.834250 3.666750 3.503250 3.343750 3.188250 3.036750 2.889250 2.745750 2.606250 2.470750 2.339250 2.211750 2.088250 1.968750 1.853250 1.741750 1.634250 1.530750 1.431250 1.335750 1.244250 1.156750 1.073250 0.993750 0.918250 0.846750 0.779250 0.715750 0.656250 0.600750 0.549250 0.501750 0.458250 0.418750 0.383250 0.351750 0.324250 0.300750 0.281250 0.265750 0.254250 0.246750 0.243250 0.243750 0.248250 0.256750 0.269250 0.285750 0.306250 0.330750 0.359250 0.391750 0.428250 0.468750
5.518250 5.314150 5.114050 4.917950 4.725850 4.537750 4.353650 4.173550 3.997450 3.825350 3.657250 3.493150 3.333050 3.176950 3.024850 2.876750 2.732650 2.592550 2.456450 2.324350 2.196250 2.072150 1.952050 1.835950 1.723850 1.615750 1.511650 1.411550 1.315450 1.223350 1.135250 1.051150 0.971050 0.894950 0.822850 0.754750 0.690650 0.630550 0.574450 0.522350 0.474250 0.430150 0.390050 0.353950 0.321850 0.293750 0.269650 0.249550 0.233450 0.221350 0.213250 0.209150 0.209050 0.212950 0.220850 0.232750 0.248650 0.268550 0.292450 0.320350 0.352250 0.388150 0.428050
5.516350 5.311650 5.110950 4.914250 4.721550 4.532850 4.348150 4.167450 3.990750 3.818050 3.649350 3.484650 3.323950 3.167250 3.014550 2.865850 2.721150 2.580450 2.443750 2.311050 2.182350 2.057650 1.936950 1.820250 1.707550 1.598850 1.494150 1.393450 1.296750 1.204050 1.115350 1.030650 0.949950 0.873250 0.800550 0.731850 0.667150 0.606450 0.549750 0.497050 0.448350 0.403650 0.362950 0.326250 0.293550 0.264850 0.240150 0.219450 0.202750 0.190050 0.181350 0.176650 0.175950 0.179250 0.186550 0.197850 0.213150 0.232450 0.255750 0.283050 0.314350 0.349650 0.388950
5.516050 5.310750 5.109450 4.912150 4.718850 4.529550 4.344250 4.162950 3.985650 3.812350 3.643050 3.477750 3.316450 3.159150 3.005850 2.856550 2.711250 2.569950 2.432650 2.299350 2.170050 2.044750 1.923450 1.806150 1.692850 1.583550 1.478250 1.376950 1.279650 1.186350 1.097050 1.011750 0.930450 0.853150 0.779850 0.710550 0.645250 0.583950 0.526650 0.473350 0.424050 0.378750 0.337450 0.300150 0.266850 0.237550 0.212250 0.190950 0.173650 0.160350 0.151050 0.145750 0.144450 0.147150 0.153850 0.164550 0.179250 0.197950 0.220650 0.247350 0.278050 0.312750 0.351450
5.517350 5.311450 5.109550 4.911650 4.717750 4.527850 4.341950 4.160050 3.982150 3.808250 3.638350 3.472450 3.310550 3.152650 2.998750 2.848850 2.702950 2.561050 2.423150 2.289250 2.159350 2.033450 1.911550 1.793650 1.679750 1.569850 1.463950 1.362050 1.264150 1.170250 1.080350 0.994450 0.912550 0.834650 0.760750 0.690850 0.624950 0.563050 0.505150 0.451250 0.401350 0.355450 0.313550 0.275650 0.241750 0.211850 0.185950 0.164050 0.146150 0.132250 0.122350 0.116450 0.114550 0.116650 0.122750 0.132850 0.146950 0.165050 0.187150 0.213250 0.243350 0.277450 0.315550
5.520250 5.313750 5.111250 4.912750 4.718250 4.527750 4.341250 4.158750 3.980250 3.805750 3.635250 3.468750 3.306250 3.147750 2.993250 2.842750 2.696250 2.553750 2.415250 2.280750 2.150250 2.023750 1.901250 1.782750 1.668250 1.557750 1.451250 1.348750 1.250250 1.155750 1.065250 0.978750 0.896250 0.817750 0.743250 0.672750 0.606250 0.543750 0.485250 0.430750 0.380250 0.333750 0.291250 0.252750 0.218250 0.187750 0.161250 0.138750 0.120250 0.105750 0.095250 0.088750 0.086250 0.087750 0.093250 0.102750 0.116250 0.133750 0.155250 0.180750 0.210250 0.243750 0.281250
5.524750 5.317650 5.114550 4.915450 4.720350 4.529250 4.342150 4.159050 3.979950 3.804850 3.633750 3.466650 3.303550 3.144450 2.989350 2.838250 2.691150 2.548050 2.408950 2.273850 2.142750 2.015650 1.892550 1.773450 1.658350 1.547250 1.440150 1.337050 1.237950 1.142850 1.051750 0.964650 0.881550 0.802450 0.727350 0.656250 0.589150 0.526050 0.466950 0.411850 0.360750 0.313650 0.270550 0.231450 0.196350 0.165250 0.138150 0.115050 0.095950 0.080850 0.069750 0.062650 0.059550 0.060450 0.065350 0.074250 0.087150 0.104050 0.124950 0.149850 0.178750 0.211650 0.248550
5.530850 5.323150 5.119450 4.919750 4.724050 4.532350 4.344650 4.160950 3.981250 3.805550 3.633850 3.466150 3.302450 3.142750 2.987050 2.835350 2.687650 2.543950 2.404250 2.268550 2.136850 2.009150 1.885450 1.765750 1.650050 1.538350 1.430650 1.326950 1.227250 1.131550 1.039850 0.952150 0.868450 0.788750 0.713050 0.641350 0.573650 0.509950 0.450250 0.394550 0.342850 0.295150 0.251450 0.211750 0.176050 0.144350 0.116650 0.092950 0.073250 0.057550 0.045850 0.038150 0.034450 0.034750 0.039050 0.047350 0.059650 0.075950 0.096250 0.120550 0.148850 0.181150 0.217450
5.538550 5.330250 5.125950 4.925650 4.729350 4.537050 4.348750 4.164450 3.984150 3.807850 3.635550 3.467250 3.302950 3.142650 2.986350 2.834050 2.685750 2.541450 2.401150 2.264850 2.132550 2.004250 1.879950 1.759650 1.643350 1.531050 1.422750 1.318450 1.218150 1.121850 1.029550 0.941250 0.856950 0.776650 0.700350 0.628050 0.559750 0.495450 0.435150 0.378850 0.326550 0.278250 0.233950 0.193650 0.157350 0.125050 0.096750 0.072450 0.052150 0.035850 0.023550 0.015250 0.010950 0.010650 0.014350 0.022050 0.033750 0.049450 0.069150 0.092850 0.120550 0.152250 0.187950
5.547850 5.338950 5.134050 4.933150 4.736250 4.543350 4.354450 4.169550 3.988650 3.811750 3.638850 3.469950 3.305050 3.144150 2.987250 2.834350 2.685450 2.540550 2.399650 2.262750 2.129850 2.000950 1.876050 1.755150 1.638250 1.525350 1.416450 1.311550 1.210650 1.113750 1.020850 0.931950 0.847050 0.766150 0.689250 0.616350 0.547450 0.482550 0.421650 0.364750 0.311850 0.262950 0.218050 0.177150 0.140250 0.107350 0.078450 0.053550 0.032650 0.015750 0.002850 -0.006050 -0.010950 -0.011850 -0.008750 -0.001650 0.009450 0.024550 0.043650 0.066750 0.093850 0.124950 0.160050
5.558750 5.349250 5.143750 4.942250 4.744750 4.551250 4.361750 4.176250 3.994750 3.817250 3.643750 3.474250 3.308750 3.147250 2.989750 2.836250 2.686750 2.541250 2.399750 2.262250 2.128750 1.999250 1.873750 1.752250 1.634750 1.521250 1.411750 1.306250 1.204750 1.107250 1.013750 0.924250 0.838750 0.757250 0.679750 0.606250 0.536750 0.471250 0.409750 0.352250 0.298750 0.249250 0.203750 0.162250 0.124750 0.091250 0.061750 0.036250 0.014750 -0.002750 -0.016250 -0.025750 -0.031250 -0.032750 -0.030250 -0.023750 -0.013250 0.001250 0.019750 0.042250 0.068750 0.099250 0.133750
5.571250 5.361150 5.155050 4.952950 4.754850 4.560750 4.370650 4.184550 4.002450 3.824350 3.650250 3.480150 3.314050 3.151950 2.993850 2.839750 2.689650 2.543550 2.401450 2.263350 2.129250 1.999150 1.873050 1.750950 1.632850 1.518750 1.408650 1.302550 1.200450 1.102350 1.008250 0.918150 0.832050 0.749950 0.671850 0.597750 0.527650 0.461550 0.399450 0.341350 0.287250 0.237150 0.191050 0.148950 0.110850 0.076750 0.046650 0.020550 -0.001550 -0.019650 -0.033750 -0.043850 -0.049950 -0.052050 -0.050150 -0.044250 -0.034350 -0.020450 -0.002550 0.019350 0.045250 0.075150 0.109050
5.585350 5.374650 5.167950 4.965250 4.766550 4.571850 4.381150 4.194450 4.011750 3.833050 3.658350 3.487650 3.320950 3.158250 2.999550 2.844850 2.694150 2.547450 2.404750 2.266050 2.131350 2.000650 1.873950 1.751250 1.632550 1.517850 1.407150 1.300450 1.197750 1.099050 1.004350 0.913650 0.826950 0.744250 0.665550 0.590850 0.520150 0.453450 0.390750 0.332050 0.277350 0.226650 0.179950 0.137250 0.098550 0.063850 0.033150 0.006450 -0.016250 -0.034950 -0.049650 -0.060350 -0.067050 -0.069750 -0.068450 -0.063150 -0.053850 -0.040550 -0.023250 -0.001950 0.023350 0.052650 0.085950
5.601050 5.389750 5.182450 4.979150 4.779850 4.584550 4.393250 4.205950 4.022650 3.843350 3.668050 3.496750 3.329450 3.166150 3.006850 2.851550 2.700250 2.552950 2.409650 2.270350 2.135050 2.003750 1.876450 1.753150 1.633850 1.518550 1.407250 1.299950 1.196650 1.097350 1.002050 0.910750 0.823450 0.740150 0.660850 0.585550 0.514250 0.446950 0.383650 0.324350 0.269050 0.217750 0.170450 0.127150 0.087850 0.052550 0.021250 -0.006050 -0.029350 -0.048650 -0.063950 -0.075250 -0.082550 -0.085850 -0.085150 -0.080450 -0.071750 -0.059050 -0.042350 -0.021650 0.003050 0.031750 0.064450
5.618350 5.406450 5.198550 4.994650 4.794750 4.598850 4.406950 4.219050 4.035150 3.855250 3.679350 3.507450 3.339550 3.175650 3.015750 2.859850 2.707950 2.560050 2.416150 2.276250 2.140350 2.008450 1.880550 1.756650 1.636750 1.520850 1.408950 1.301050 1.197150 1.097250 1.001350 0.909450 0.821550 0.737650 0.657750 0.581850 0.509950 0.442050 0.378150 0.318250 0.262350 0.210450 0.162550 0.118650 0.078750 0.042850 0.010950 -0.016950 -0.040850 -0.060750 -0.076650 -0.088550 -0.096450 -0.100350 -0.100250 -0.096150 -0.088050 -0.075950 -0.059850 -0.039750 -0.015650 0.012450 0.044550
5.637250 5.424750 5.216250 5.011750 4.811250 4.614750 4.422250 4.233750 4.049250 3.868750 3.692250 3.519750 3.351250 3.186750 3.026250 2.869750 2.717250 2.568750 2.424250 2.283750 2.147250 2.014750 1.886250 1.761750 1.641250 1.524750 1.412250 1.303750 1.199250 1.098750 1.002250 0.909750 0.821250 0.736750 0.656250 0.579750 0.507250 0.438750 0.374250 0.313750 0.257250 0.204750 0.156250 0.111750 0.071250 0.034750 0.002250 -0.026250 -0.050750 -0.071250 -0.087750 -0.100250 -0.108750 -0.113250 -0.113750 -0.110250 -0.102750 -0.091250 -0.075750 -0.056250 -0.032750 -0.005250 0.026250
