tests/fixtures/reference/slope/input-dem.asc
ncols 120
nrows 100
xllcorner 500000
yllcorner 4600000
cellsize 1
NODATA_value -9999
[rows 56 to 83 of 100, columns 0 to 62 of 120]
6.881350 6.651450 6.425550 6.203650 5.985750 5.771850 5.561950 5.356050 5.154150 4.956250 4.762350 4.572450 4.386550 4.204650 4.026750 3.852850 3.682950 3.517050 3.355150 3.197250 3.043350 2.893450 2.747550 2.605650 2.467750 2.333850 2.203950 2.078050 1.956150 1.838250 1.724350 1.614450 1.508550 1.406650 1.308750 1.214850 1.124950 1.039050 0.957150 0.879250 0.805350 0.735450 0.669550 0.607650 0.549750 0.495850 0.445950 0.400050 0.358150 0.320250 0.286350 0.256450 0.230550 0.208650 0.190750 0.176850 0.166950 0.161050 0.159150 0.161250 0.167350 0.177450 0.191550
6.948250 6.717750 6.491250 6.268750 6.050250 5.835750 5.625250 5.418750 5.216250 5.017750 4.823250 4.632750 4.446250 4.263750 4.085250 3.910750 3.740250 3.573750 3.411250 3.252750 3.098250 2.947750 2.801250 2.658750 2.520250 2.385750 2.255250 2.128750 2.006250 1.887750 1.773250 1.662750 1.556250 1.453750 1.355250 1.260750 1.170250 1.083750 1.001250 0.922750 0.848250 0.777750 0.711250 0.648750 0.590250 0.535750 0.485250 0.438750 0.396250 0.357750 0.323250 0.292750 0.266250 0.243750 0.225250 0.210750 0.200250 0.193750 0.191250 0.192750 0.198250 0.207750 0.221250
7.016750 6.785650 6.558550 6.335450 6.116350 5.901250 5.690150 5.483050 5.279950 5.080850 4.885750 4.694650 4.507550 4.324450 4.145350 3.970250 3.799150 3.632050 3.468950 3.309850 3.154750 3.003650 2.856550 2.713450 2.574350 2.439250 2.308150 2.181050 2.057950 1.938850 1.823750 1.712650 1.605550 1.502450 1.403350 1.308250 1.217150 1.130050 1.046950 0.967850 0.892750 0.821650 0.754550 0.691450 0.632350 0.577250 0.526150 0.479050 0.435950 0.396850 0.361750 0.330650 0.303550 0.280450 0.261350 0.246250 0.235150 0.228050 0.224950 0.225850 0.230750 0.239650 0.252550
7.086850 6.855150 6.627450 6.403750 6.184050 5.968350 5.756650 5.548950 5.345250 5.145550 4.949850 4.758150 4.570450 4.386750 4.207050 4.031350 3.859650 3.691950 3.528250 3.368550 3.212850 3.061150 2.913450 2.769750 2.630050 2.494350 2.362650 2.234950 2.111250 1.991550 1.875850 1.764150 1.656450 1.552750 1.453050 1.357350 1.265650 1.177950 1.094250 1.014550 0.938850 0.867150 0.799450 0.735750 0.676050 0.620350 0.568650 0.520950 0.477250 0.437550 0.401850 0.370150 0.342450 0.318750 0.299050 0.283350 0.271650 0.263950 0.260250 0.260550 0.264850 0.273150 0.285450
7.158550 6.926250 6.697950 6.473650 6.253350 6.037050 5.824750 5.616450 5.412150 5.211850 5.015550 4.823250 4.634950 4.450650 4.270350 4.094050 3.921750 3.753450 3.589150 3.428850 3.272550 3.120250 2.971950 2.827650 2.687350 2.551050 2.418750 2.290450 2.166150 2.045850 1.929550 1.817250 1.708950 1.604650 1.504350 1.408050 1.315750 1.227450 1.143150 1.062850 0.986550 0.914250 0.845950 0.781650 0.721350 0.665050 0.612750 0.564450 0.520150 0.479850 0.443550 0.411250 0.382950 0.358650 0.338350 0.322050 0.309750 0.301450 0.297150 0.296850 0.300550 0.308250 0.319950
7.231850 6.998950 6.770050 6.545150 6.324250 6.107350 5.894450 5.685550 5.480650 5.279750 5.082850 4.889950 4.701050 4.516150 4.335250 4.158350 3.985450 3.816550 3.651650 3.490750 3.333850 3.180950 3.032050 2.887150 2.746250 2.609350 2.476450 2.347550 2.222650 2.101750 1.984850 1.871950 1.763050 1.658150 1.557250 1.460350 1.367450 1.278550 1.193650 1.112750 1.035850 0.962950 0.894050 0.829150 0.768250 0.711350 0.658450 0.609550 0.564650 0.523750 0.486850 0.453950 0.425050 0.400150 0.379250 0.362350 0.349450 0.340550 0.335650 0.334750 0.337850 0.344950 0.356050
7.306750 7.073250 6.843750 6.618250 6.396750 6.179250 5.965750 5.756250 5.550750 5.349250 5.151750 4.958250 4.768750 4.583250 4.401750 4.224250 4.050750 3.881250 3.715750 3.554250 3.396750 3.243250 3.093750 2.948250 2.806750 2.669250 2.535750 2.406250 2.280750 2.159250 2.041750 1.928250 1.818750 1.713250 1.611750 1.514250 1.420750 1.331250 1.245750 1.164250 1.086750 1.013250 0.943750 0.878250 0.816750 0.759250 0.705750 0.656250 0.610750 0.569250 0.531750 0.498250 0.468750 0.443250 0.421750 0.404250 0.390750 0.381250 0.375750 0.374250 0.376750 0.383250 0.393750
7.383250 7.149150 6.919050 6.692950 6.470850 6.252750 6.038650 5.828550 5.622450 5.420350 5.222250 5.028150 4.838050 4.651950 4.469850 4.291750 4.117650 3.947550 3.781450 3.619350 3.461250 3.307150 3.157050 3.010950 2.868850 2.730750 2.596650 2.466550 2.340450 2.218350 2.100250 1.986150 1.876050 1.769950 1.667850 1.569750 1.475650 1.385550 1.299450 1.217350 1.139250 1.065150 0.995050 0.928950 0.866850 0.808750 0.754650 0.704550 0.658450 0.616350 0.578250 0.544150 0.514050 0.487950 0.465850 0.447750 0.433650 0.423550 0.417450 0.415350 0.417250 0.423150 0.433050
7.461350 7.226650 6.995950 6.769250 6.546550 6.327850 6.113150 5.902450 5.695750 5.493050 5.294350 5.099650 4.908950 4.722250 4.539550 4.360850 4.186150 4.015450 3.848750 3.686050 3.527350 3.372650 3.221950 3.075250 2.932550 2.793850 2.659150 2.528450 2.401750 2.279050 2.160350 2.045650 1.934950 1.828250 1.725550 1.626850 1.532150 1.441450 1.354750 1.272050 1.193350 1.118650 1.047950 0.981250 0.918550 0.859850 0.805150 0.754450 0.707750 0.665050 0.626350 0.591650 0.560950 0.534250 0.511550 0.492850 0.478150 0.467450 0.460750 0.458050 0.459350 0.464650 0.473950
7.541050 7.305750 7.074450 6.847150 6.623850 6.404550 6.189250 5.977950 5.770650 5.567350 5.368050 5.172750 4.981450 4.794150 4.610850 4.431550 4.256250 4.084950 3.917650 3.754350 3.595050 3.439750 3.288450 3.141150 2.997850 2.858550 2.723250 2.591950 2.464650 2.341350 2.222050 2.106750 1.995450 1.888150 1.784850 1.685550 1.590250 1.498950 1.411650 1.328350 1.249050 1.173750 1.102450 1.035150 0.971850 0.912550 0.857250 0.805950 0.758650 0.715350 0.676050 0.640750 0.609450 0.582150 0.558850 0.539550 0.524250 0.512950 0.505650 0.502350 0.503050 0.507750 0.516450
7.622350 7.386450 7.154550 6.926650 6.702750 6.482850 6.266950 6.055050 5.847150 5.643250 5.443350 5.247450 5.055550 4.867650 4.683750 4.503850 4.327950 4.156050 3.988150 3.824250 3.664350 3.508450 3.356550 3.208650 3.064750 2.924850 2.788950 2.657050 2.529150 2.405250 2.285350 2.169450 2.057550 1.949650 1.845750 1.745850 1.649950 1.558050 1.470150 1.386250 1.306350 1.230450 1.158550 1.090650 1.026750 0.966850 0.910950 0.859050 0.811150 0.767250 0.727350 0.691450 0.659550 0.631650 0.607750 0.587850 0.571950 0.560050 0.552150 0.548250 0.548350 0.552450 0.560550
7.705250 7.468750 7.236250 7.007750 6.783250 6.562750 6.346250 6.133750 5.925250 5.720750 5.520250 5.323750 5.131250 4.942750 4.758250 4.577750 4.401250 4.228750 4.060250 3.895750 3.735250 3.578750 3.426250 3.277750 3.133250 2.992750 2.856250 2.723750 2.595250 2.470750 2.350250 2.233750 2.121250 2.012750 1.908250 1.807750 1.711250 1.618750 1.530250 1.445750 1.365250 1.288750 1.216250 1.147750 1.083250 1.022750 0.966250 0.913750 0.865250 0.820750 0.780250 0.743750 0.711250 0.682750 0.658250 0.637750 0.621250 0.608750 0.600250 0.595750 0.595250 0.598750 0.606250
7.789750 7.552650 7.319550 7.090450 6.865350 6.644250 6.427150 6.214050 6.004950 5.799850 5.598750 5.401650 5.208550 5.019450 4.834350 4.653250 4.476150 4.303050 4.133950 3.968850 3.807750 3.650650 3.497550 3.348450 3.203350 3.062250 2.925150 2.792050 2.662950 2.537850 2.416750 2.299650 2.186550 2.077450 1.972350 1.871250 1.774150 1.681050 1.591950 1.506850 1.425750 1.348650 1.275550 1.206450 1.141350 1.080250 1.023150 0.970050 0.920950 0.875850 0.834750 0.797650 0.764550 0.735450 0.710350 0.689250 0.672150 0.659050 0.649950 0.644850 0.643750 0.646650 0.653550
7.875850 7.638150 7.404450 7.174750 6.949050 6.727350 6.509650 6.295950 6.086250 5.880550 5.678850 5.481150 5.287450 5.097750 4.912050 4.730350 4.552650 4.378950 4.209250 4.043550 3.881850 3.724150 3.570450 3.420750 3.275050 3.133350 2.995650 2.861950 2.732250 2.606550 2.484850 2.367150 2.253450 2.143750 2.038050 1.936350 1.838650 1.744950 1.655250 1.569550 1.487850 1.410150 1.336450 1.266750 1.201050 1.139350 1.081650 1.027950 0.978250 0.932550 0.890850 0.853150 0.819450 0.789750 0.764050 0.742350 0.724650 0.710950 0.701250 0.695550 0.693850 0.696150 0.702450
7.963550 7.725250 7.490950 7.260650 7.034350 6.812050 6.593750 6.379450 6.169150 5.962850 5.760550 5.562250 5.367950 5.177650 4.991350 4.809050 4.630750 4.456450 4.286150 4.119850 3.957550 3.799250 3.644950 3.494650 3.348350 3.206050 3.067750 2.933450 2.803150 2.676850 2.554550 2.436250 2.321950 2.211650 2.105350 2.003050 1.904750 1.810450 1.720150 1.633850 1.551550 1.473250 1.398950 1.328650 1.262350 1.200050 1.141750 1.087450 1.037150 0.990850 0.948550 0.910250 0.875950 0.845650 0.819350 0.797050 0.778750 0.764450 0.754150 0.747850 0.745550 0.747250 0.752950
8.052850 7.813950 7.579050 7.348150 7.121250 6.898350 6.679450 6.464550 6.253650 6.046750 5.843850 5.644950 5.450050 5.259150 5.072250 4.889350 4.710450 4.535550 4.364650 4.197750 4.034850 3.875950 3.721050 3.570150 3.423250 3.280350 3.141450 3.006550 2.875650 2.748750 2.625850 2.506950 2.392050 2.281150 2.174250 2.071350 1.972450 1.877550 1.786650 1.699750 1.616850 1.537950 1.463050 1.392150 1.325250 1.262350 1.203450 1.148550 1.097650 1.050750 1.007850 0.968950 0.934050 0.903150 0.876250 0.853350 0.834450 0.819550 0.808650 0.801750 0.798850 0.799950 0.805050
8.143750 7.904250 7.668750 7.437250 7.209750 6.986250 6.766750 6.551250 6.339750 6.132250 5.928750 5.729250 5.533750 5.342250 5.154750 4.971250 4.791750 4.616250 4.444750 4.277250 4.113750 3.954250 3.798750 3.647250 3.499750 3.356250 3.216750 3.081250 2.949750 2.822250 2.698750 2.579250 2.463750 2.352250 2.244750 2.141250 2.041750 1.946250 1.854750 1.767250 1.683750 1.604250 1.528750 1.457250 1.389750 1.326250 1.266750 1.211250 1.159750 1.112250 1.068750 1.029250 0.993750 0.962250 0.934750 0.911250 0.891750 0.876250 0.864750 0.857250 0.853750 0.854250 0.858750
8.236250 7.996150 7.760050 7.527950 7.299850 7.075750 6.855650 6.639550 6.427450 6.219350 6.015250 5.815150 5.619050 5.426950 5.238850 5.054750 4.874650 4.698550 4.526450 4.358350 4.194250 4.034150 3.878050 3.725950 3.577850 3.433750 3.293650 3.157550 3.025450 2.897350 2.773250 2.653150 2.537050 2.424950 2.316850 2.212750 2.112650 2.016550 1.924450 1.836350 1.752250 1.672150 1.596050 1.523950 1.455850 1.391750 1.331650 1.275550 1.223450 1.175350 1.131250 1.091150 1.055050 1.022950 0.994850 0.970750 0.950650 0.934550 0.922450 0.914350 0.910250 0.910150 0.914050
8.330350 8.089650 7.852950 7.620250 7.391550 7.166850 6.946150 6.729450 6.516750 6.308050 6.103350 5.902650 5.705950 5.513250 5.324550 5.139850 4.959150 4.782450 4.609750 4.441050 4.276350 4.115650 3.958950 3.806250 3.657550 3.512850 3.372150 3.235450 3.102750 2.974050 2.849350 2.728650 2.611950 2.499250 2.390550 2.285850 2.185150 2.088450 1.995750 1.907050 1.822350 1.741650 1.664950 1.592250 1.523550 1.458850 1.398150 1.341450 1.288750 1.240050 1.195350 1.154650 1.117950 1.085250 1.056550 1.031850 1.011150 0.994450 0.981750 0.973050 0.968350 0.967650 0.970950
8.426050 8.184750 7.947450 7.714150 7.484850 7.259550 7.038250 6.820950 6.607650 6.398350 6.193050 5.991750 5.794450 5.601150 5.411850 5.226550 5.045250 4.867950 4.694650 4.525350 4.360050 4.198750 4.041450 3.888150 3.738850 3.593550 3.452250 3.314950 3.181650 3.052350 2.927050 2.805750 2.688450 2.575150 2.465850 2.360550 2.259250 2.161950 2.068650 1.979350 1.894050 1.812750 1.735450 1.662150 1.592850 1.527550 1.466250 1.408950 1.355650 1.306350 1.261050 1.219750 1.182450 1.149150 1.119850 1.094550 1.073250 1.055950 1.042650 1.033350 1.028050 1.026750 1.029450
8.523350 8.281450 8.043550 7.809650 7.579750 7.353850 7.131950 6.914050 6.700150 6.490250 6.284350 6.082450 5.884550 5.690650 5.500750 5.314850 5.132950 4.955050 4.781150 4.611250 4.445350 4.283450 4.125550 3.971650 3.821750 3.675850 3.533950 3.396050 3.262150 3.132250 3.006350 2.884450 2.766550 2.652650 2.542750 2.436850 2.334950 2.237050 2.143150 2.053250 1.967350 1.885450 1.807550 1.733650 1.663750 1.597850 1.535950 1.478050 1.424150 1.374250 1.328350 1.286450 1.248550 1.214650 1.184750 1.158850 1.136950 1.119050 1.105150 1.095250 1.089350 1.087450 1.089550
8.622250 8.379750 8.141250 7.906750 7.676250 7.449750 7.227250 7.008750 6.794250 6.583750 6.377250 6.174750 5.976250 5.781750 5.591250 5.404750 5.222250 5.043750 4.869250 4.698750 4.532250 4.369750 4.211250 4.056750 3.906250 3.759750 3.617250 3.478750 3.344250 3.213750 3.087250 2.964750 2.846250 2.731750 2.621250 2.514750 2.412250 2.313750 2.219250 2.128750 2.042250 1.959750 1.881250 1.806750 1.736250 1.669750 1.607250 1.548750 1.494250 1.443750 1.397250 1.354750 1.316250 1.281750 1.251250 1.224750 1.202250 1.183750 1.169250 1.158750 1.152250 1.149750 1.151250
8.722750 8.479650 8.240550 8.005450 7.774350 7.547250 7.324150 7.105050 6.889950 6.678850 6.471750 6.268650 6.069550 5.874450 5.683350 5.496250 5.313150 5.134050 4.958950 4.787850 4.620750 4.457650 4.298550 4.143450 3.992350 3.845250 3.702150 3.563050 3.427950 3.296850 3.169750 3.046650 2.927550 2.812450 2.701350 2.594250 2.491150 2.392050 2.296950 2.205850 2.118750 2.035650 1.956550 1.881450 1.810350 1.743250 1.680150 1.621050 1.565950 1.514850 1.467750 1.424650 1.385550 1.350450 1.319350 1.292250 1.269150 1.250050 1.234950 1.223850 1.216750 1.213650 1.214550
8.824850 8.581150 8.341450 8.105750 7.874050 7.646350 7.422650 7.202950 6.987250 6.775550 6.567850 6.364150 6.164450 5.968750 5.777050 5.589350 5.405650 5.225950 5.050250 4.878550 4.710850 4.547150 4.387450 4.231750 4.080050 3.932350 3.788650 3.648950 3.513250 3.381550 3.253850 3.130150 3.010450 2.894750 2.783050 2.675350 2.571650 2.471950 2.376250 2.284550 2.196850 2.113150 2.033450 1.957750 1.886050 1.818350 1.754650 1.694950 1.639250 1.587550 1.539850 1.496150 1.456450 1.420750 1.389050 1.361350 1.337650 1.317950 1.302250 1.290550 1.282850 1.279150 1.279450
8.928550 8.684250 8.443950 8.207650 7.975350 7.747050 7.522750 7.302450 7.086150 6.873850 6.665550 6.461250 6.260950 6.064650 5.872350 5.684050 5.499750 5.319450 5.143150 4.970850 4.802550 4.638250 4.477950 4.321650 4.169350 4.021050 3.876750 3.736450 3.600150 3.467850 3.339550 3.215250 3.094950 2.978650 2.866350 2.758050 2.653750 2.553450 2.457150 2.364850 2.276550 2.192250 2.111950 2.035650 1.963350 1.895050 1.830750 1.770450 1.714150 1.661850 1.613550 1.569250 1.528950 1.492650 1.460350 1.432050 1.407750 1.387450 1.371150 1.358850 1.350550 1.346250 1.345950
9.033850 8.788950 8.548050 8.311150 8.078250 7.849350 7.624450 7.403550 7.186650 6.973750 6.764850 6.559950 6.359050 6.162150 5.969250 5.780350 5.595450 5.414550 5.237650 5.064750 4.895850 4.730950 4.570050 4.413150 4.260250 4.111350 3.966450 3.825550 3.688650 3.555750 3.426850 3.301950 3.181050 3.064150 2.951250 2.842350 2.737450 2.636550 2.539650 2.446750 2.357850 2.272950 2.192050 2.115150 2.042250 1.973350 1.908450 1.847550 1.790650 1.737750 1.688850 1.643950 1.603050 1.566150 1.533250 1.504350 1.479450 1.458550 1.441650 1.428750 1.419850 1.414950 1.414050
9.140750 8.895250 8.653750 8.416250 8.182750 7.953250 7.727750 7.506250 7.288750 7.075250 6.865750 6.660250 6.458750 6.261250 6.067750 5.878250 5.692750 5.511250 5.333750 5.160250 4.990750 4.825250 4.663750 4.506250 4.352750 4.203250 4.057750 3.916250 3.778750 3.645250 3.515750 3.390250 3.268750 3.151250 3.037750 2.928250 2.822750 2.721250 2.623750 2.530250 2.440750 2.355250 2.273750 2.196250 2.122750 2.053250 1.987750 1.926250 1.868750 1.815250 1.765750 1.720250 1.678750 1.641250 1.607750 1.578250 1.552750 1.531250 1.513750 1.500250 1.490750 1.485250 1.483750
9.249250 9.003150 8.761050 8.522950 8.288850 8.058750 7.832650 7.610550 7.392450 7.178350 6.968250 6.762150 6.560050 6.361950 6.167850 5.977750 5.791650 5.609550 5.431450 5.257350 5.087250 4.921150 4.759050 4.600950 4.446850 4.296750 4.150650 4.008550 3.870450 3.736350 3.606250 3.480150 3.358050 3.239950 3.125850 3.015750 2.909650 2.807550 2.709450 2.615350 2.525250 2.439150 2.357050 2.278950 2.204850 2.134750 2.068650 2.006550 1.948450 1.894350 1.844250 1.798150 1.756050 1.717950 1.683850 1.653750 1.627650 1.605550 1.587450 1.573350 1.563250 1.557150 1.555050
