tests/fixtures/reference/slope/input-dem.asc
ncols 120
nrows 100
xllcorner 500000
yllcorner 4600000
cellsize 1
NODATA_value -9999
[rows 28 to 55 of 100, columns 0 to 62 of 120]
5.657750 5.444650 5.235550 5.030450 4.829350 4.632250 4.439150 4.250050 4.064950 3.883850 3.706750 3.533650 3.364550 3.199450 3.038350 2.881250 2.728150 2.579050 2.433950 2.292850 2.155750 2.022650 1.893550 1.768450 1.647350 1.530250 1.417150 1.308050 1.202950 1.101850 1.004750 0.911650 0.822550 0.737450 0.656350 0.579250 0.506150 0.437050 0.371950 0.310850 0.253750 0.200650 0.151550 0.106450 0.065350 0.028250 -0.004850 -0.033950 -0.059050 -0.080150 -0.097250 -0.110350 -0.119450 -0.124550 -0.125650 -0.122750 -0.115850 -0.104950 -0.090050 -0.071150 -0.048250 -0.021350 0.009550
5.679850 5.466150 5.256450 5.050750 4.849050 4.651350 4.457650 4.267950 4.082250 3.900550 3.722850 3.549150 3.379450 3.213750 3.052050 2.894350 2.740650 2.590950 2.445250 2.303550 2.165850 2.032150 1.902450 1.776750 1.655050 1.537350 1.423650 1.313950 1.208250 1.106550 1.008850 0.915150 0.825450 0.739750 0.658050 0.580350 0.506650 0.436950 0.371250 0.309550 0.251850 0.198150 0.148450 0.102750 0.061050 0.023350 -0.010350 -0.040050 -0.065750 -0.087450 -0.105150 -0.118850 -0.128550 -0.134250 -0.135950 -0.133650 -0.127350 -0.117050 -0.102750 -0.084450 -0.062150 -0.035850 -0.005550
5.703550 5.489250 5.278950 5.072650 4.870350 4.672050 4.477750 4.287450 4.101150 3.918850 3.740550 3.566250 3.395950 3.229650 3.067350 2.909050 2.754750 2.604450 2.458150 2.315850 2.177550 2.043250 1.912950 1.786650 1.664350 1.546050 1.431750 1.321450 1.215150 1.112850 1.014550 0.920250 0.829950 0.743650 0.661350 0.583050 0.508750 0.438450 0.372150 0.309850 0.251550 0.197250 0.146950 0.100650 0.058350 0.020050 -0.014250 -0.044550 -0.070850 -0.093150 -0.111450 -0.125750 -0.136050 -0.142350 -0.144650 -0.142950 -0.137250 -0.127550 -0.113850 -0.096150 -0.074450 -0.048750 -0.019050
5.728850 5.513950 5.303050 5.096150 4.893250 4.694350 4.499450 4.308550 4.121650 3.938750 3.759850 3.584950 3.414050 3.247150 3.084250 2.925350 2.770450 2.619550 2.472650 2.329750 2.190850 2.055950 1.925050 1.798150 1.675250 1.556350 1.441450 1.330550 1.223650 1.120750 1.021850 0.926950 0.836050 0.749150 0.666250 0.587350 0.512450 0.441550 0.374650 0.311750 0.252850 0.197950 0.147050 0.100150 0.057250 0.018350 -0.016550 -0.047450 -0.074350 -0.097250 -0.116150 -0.131050 -0.141950 -0.148850 -0.151750 -0.150650 -0.145550 -0.136450 -0.123350 -0.106250 -0.085150 -0.060050 -0.030950
5.755750 5.540250 5.328750 5.121250 4.917750 4.718250 4.522750 4.331250 4.143750 3.960250 3.780750 3.605250 3.433750 3.266250 3.102750 2.943250 2.787750 2.636250 2.488750 2.345250 2.205750 2.070250 1.938750 1.811250 1.687750 1.568250 1.452750 1.341250 1.233750 1.130250 1.030750 0.935250 0.843750 0.756250 0.672750 0.593250 0.517750 0.446250 0.378750 0.315250 0.255750 0.200250 0.148750 0.101250 0.057750 0.018250 -0.017250 -0.048750 -0.076250 -0.099750 -0.119250 -0.134750 -0.146250 -0.153750 -0.157250 -0.156750 -0.152250 -0.143750 -0.131250 -0.114750 -0.094250 -0.069750 -0.041250
5.784250 5.568150 5.356050 5.147950 4.943850 4.743750 4.547650 4.355550 4.167450 3.983350 3.803250 3.627150 3.455050 3.286950 3.122850 2.962750 2.806650 2.654550 2.506450 2.362350 2.222250 2.086150 1.954050 1.825950 1.701850 1.581750 1.465650 1.353550 1.245450 1.141350 1.041250 0.945150 0.853050 0.764950 0.680850 0.600750 0.524650 0.452550 0.384450 0.320350 0.260250 0.204150 0.152050 0.103950 0.059850 0.019750 -0.016350 -0.048450 -0.076550 -0.100650 -0.120750 -0.136850 -0.148950 -0.157050 -0.161150 -0.161250 -0.157350 -0.149450 -0.137550 -0.121650 -0.101750 -0.077850 -0.049950
5.814350 5.597650 5.384950 5.176250 4.971550 4.770850 4.574150 4.381450 4.192750 4.008050 3.827350 3.650650 3.477950 3.309250 3.144550 2.983850 2.827150 2.674450 2.525750 2.381050 2.240350 2.103650 1.970950 1.842250 1.717550 1.596850 1.480150 1.367450 1.258750 1.154050 1.053350 0.956650 0.863950 0.775250 0.690550 0.609850 0.533150 0.460450 0.391750 0.327050 0.266350 0.209650 0.156950 0.108250 0.063550 0.022850 -0.013850 -0.046550 -0.075250 -0.099950 -0.120650 -0.137350 -0.150050 -0.158750 -0.163450 -0.164150 -0.160850 -0.153550 -0.142250 -0.126950 -0.107650 -0.084350 -0.057050
5.846050 5.628750 5.415450 5.206150 5.000850 4.799550 4.602250 4.408950 4.219650 4.034350 3.853050 3.675750 3.502450 3.333150 3.167850 3.006550 2.849250 2.695950 2.546650 2.401350 2.260050 2.122750 1.989450 1.860150 1.734850 1.613550 1.496250 1.382950 1.273650 1.168350 1.067050 0.969750 0.876450 0.787150 0.701850 0.620550 0.543250 0.469950 0.400650 0.335350 0.274050 0.216750 0.163450 0.114150 0.068850 0.027550 -0.009750 -0.043050 -0.072350 -0.097650 -0.118950 -0.136250 -0.149550 -0.158850 -0.164150 -0.165450 -0.162750 -0.156050 -0.145350 -0.130650 -0.111950 -0.089250 -0.062550
5.879350 5.661450 5.447550 5.237650 5.031750 4.829850 4.631950 4.438050 4.248150 4.062250 3.880350 3.702450 3.528550 3.358650 3.192750 3.030850 2.872950 2.719050 2.569150 2.423250 2.281350 2.143450 2.009550 1.879650 1.753750 1.631850 1.513950 1.400050 1.290150 1.184250 1.082350 0.984450 0.890550 0.800650 0.714750 0.632850 0.554950 0.481050 0.411150 0.345250 0.283350 0.225450 0.171550 0.121650 0.075750 0.033850 -0.004050 -0.037950 -0.067850 -0.093750 -0.115650 -0.133550 -0.147450 -0.157350 -0.163250 -0.165150 -0.163050 -0.156950 -0.146850 -0.132750 -0.114650 -0.092550 -0.066450
5.914250 5.695750 5.481250 5.270750 5.064250 4.861750 4.663250 4.468750 4.278250 4.091750 3.909250 3.730750 3.556250 3.385750 3.219250 3.056750 2.898250 2.743750 2.593250 2.446750 2.304250 2.165750 2.031250 1.900750 1.774250 1.651750 1.533250 1.418750 1.308250 1.201750 1.099250 1.000750 0.906250 0.815750 0.729250 0.646750 0.568250 0.493750 0.423250 0.356750 0.294250 0.235750 0.181250 0.130750 0.084250 0.041750 0.003250 -0.031250 -0.061750 -0.088250 -0.110750 -0.129250 -0.143750 -0.154250 -0.160750 -0.163250 -0.161750 -0.156250 -0.146750 -0.133250 -0.115750 -0.094250 -0.068750
5.950750 5.731650 5.516550 5.305450 5.098350 4.895250 4.696150 4.501050 4.309950 4.122850 3.939750 3.760650 3.585550 3.414450 3.247350 3.084250 2.925150 2.770050 2.618950 2.471850 2.328750 2.189650 2.054550 1.923450 1.796350 1.673250 1.554150 1.439050 1.327950 1.220850 1.117750 1.018650 0.923550 0.832450 0.745350 0.662250 0.583150 0.508050 0.436950 0.369850 0.306750 0.247650 0.192550 0.141450 0.094350 0.051250 0.012150 -0.022950 -0.054050 -0.081150 -0.104250 -0.123350 -0.138450 -0.149550 -0.156650 -0.159750 -0.158850 -0.153950 -0.145050 -0.132150 -0.115250 -0.094350 -0.069450
5.988850 5.769150 5.553450 5.341750 5.134050 4.930350 4.730650 4.534950 4.343250 4.155550 3.971850 3.792150 3.616450 3.444750 3.277050 3.113350 2.953650 2.797950 2.646250 2.498550 2.354850 2.215150 2.079450 1.947750 1.820050 1.696350 1.576650 1.460950 1.349250 1.241550 1.137850 1.038150 0.942450 0.850750 0.763050 0.679350 0.599650 0.523950 0.452250 0.384550 0.320850 0.261150 0.205450 0.153750 0.106050 0.062350 0.022650 -0.013050 -0.044750 -0.072450 -0.096150 -0.115850 -0.131550 -0.143250 -0.150950 -0.154650 -0.154350 -0.150050 -0.141750 -0.129450 -0.113150 -0.092850 -0.068550
6.028550 5.808250 5.591950 5.379650 5.171350 4.967050 4.766750 4.570450 4.378150 4.189850 4.005550 3.825250 3.648950 3.476650 3.308350 3.144050 2.983750 2.827450 2.675150 2.526850 2.382550 2.242250 2.105950 1.973650 1.845350 1.721050 1.600750 1.484450 1.372150 1.263850 1.159550 1.059250 0.962950 0.870650 0.782350 0.698050 0.617750 0.541450 0.469150 0.400850 0.336550 0.276250 0.219950 0.167650 0.119350 0.075050 0.034750 -0.001550 -0.033850 -0.062150 -0.086450 -0.106750 -0.123050 -0.135350 -0.143650 -0.147950 -0.148250 -0.144550 -0.136850 -0.125150 -0.109450 -0.089750 -0.066050
6.069850 5.848950 5.632050 5.419150 5.210250 5.005350 4.804450 4.607550 4.414650 4.225750 4.040850 3.859950 3.683050 3.510150 3.341250 3.176350 3.015450 2.858550 2.705650 2.556750 2.411850 2.270950 2.134050 2.001150 1.872250 1.747350 1.626450 1.509550 1.396650 1.287750 1.182850 1.081950 0.985050 0.892150 0.803250 0.718350 0.637450 0.560550 0.487650 0.418750 0.353850 0.292950 0.236050 0.183150 0.134250 0.089350 0.048450 0.011550 -0.021350 -0.050250 -0.075150 -0.096050 -0.112950 -0.125850 -0.134750 -0.139650 -0.140550 -0.137450 -0.130350 -0.119250 -0.104150 -0.085050 -0.061950
6.112750 5.891250 5.673750 5.460250 5.250750 5.045250 4.843750 4.646250 4.452750 4.263250 4.077750 3.896250 3.718750 3.545250 3.375750 3.210250 3.048750 2.891250 2.737750 2.588250 2.442750 2.301250 2.163750 2.030250 1.900750 1.775250 1.653750 1.536250 1.422750 1.313250 1.207750 1.106250 1.008750 0.915250 0.825750 0.740250 0.658750 0.581250 0.507750 0.438250 0.372750 0.311250 0.253750 0.200250 0.150750 0.105250 0.063750 0.026250 -0.007250 -0.036750 -0.062250 -0.083750 -0.101250 -0.114750 -0.124250 -0.129750 -0.131250 -0.128750 -0.122250 -0.111750 -0.097250 -0.078750 -0.056250
6.157250 5.935150 5.717050 5.502950 5.292850 5.086750 4.884650 4.686550 4.492450 4.302350 4.116250 3.934150 3.756050 3.581950 3.411850 3.245750 3.083650 2.925550 2.771450 2.621350 2.475250 2.333150 2.195050 2.060950 1.930850 1.804750 1.682650 1.564550 1.450450 1.340350 1.234250 1.132150 1.034050 0.939950 0.849850 0.763750 0.681650 0.603550 0.529450 0.459350 0.393250 0.331150 0.273050 0.218950 0.168850 0.122750 0.080650 0.042550 0.008450 -0.021650 -0.047750 -0.069850 -0.087950 -0.102050 -0.112150 -0.118250 -0.120350 -0.118450 -0.112550 -0.102650 -0.088750 -0.070850 -0.048950
6.203350 5.980650 5.761950 5.547250 5.336550 5.129850 4.927150 4.728450 4.533750 4.343050 4.156350 3.973650 3.794950 3.620250 3.449550 3.282850 3.120150 2.961450 2.806750 2.656050 2.509350 2.366650 2.227950 2.093250 1.962550 1.835850 1.713150 1.594450 1.479750 1.369050 1.262350 1.159650 1.060950 0.966250 0.875550 0.788850 0.706150 0.627450 0.552750 0.482050 0.415350 0.352650 0.293950 0.239250 0.188550 0.141850 0.099150 0.060450 0.025750 -0.004950 -0.031650 -0.054350 -0.073050 -0.087750 -0.098450 -0.105150 -0.107850 -0.106550 -0.101250 -0.091950 -0.078650 -0.061350 -0.040050
6.251050 6.027750 5.808450 5.593150 5.381850 5.174550 4.971250 4.771950 4.576650 4.385350 4.198050 4.014750 3.835450 3.660150 3.488850 3.321550 3.158250 2.998950 2.843650 2.692350 2.545050 2.401750 2.262450 2.127150 1.995850 1.868550 1.745250 1.625950 1.510650 1.399350 1.292050 1.188750 1.089450 0.994150 0.902850 0.815550 0.732250 0.652950 0.577650 0.506350 0.439050 0.375750 0.316450 0.261150 0.209850 0.162550 0.119250 0.079950 0.044650 0.013350 -0.013950 -0.037250 -0.056550 -0.071850 -0.083150 -0.090450 -0.093750 -0.093050 -0.088350 -0.079650 -0.066950 -0.050250 -0.029550
6.300350 6.076450 5.856550 5.640650 5.428750 5.220850 5.016950 4.817050 4.621150 4.429250 4.241350 4.057450 3.877550 3.701650 3.529750 3.361850 3.197950 3.038050 2.882150 2.730250 2.582350 2.438450 2.298550 2.162650 2.030750 1.902850 1.778950 1.659050 1.543150 1.431250 1.323350 1.219450 1.119550 1.023650 0.931750 0.843850 0.759950 0.680050 0.604150 0.532250 0.464350 0.400450 0.340550 0.284650 0.232750 0.184850 0.140950 0.101050 0.065150 0.033250 0.005350 -0.018550 -0.038450 -0.054350 -0.066250 -0.074150 -0.078050 -0.077950 -0.073850 -0.065750 -0.053650 -0.037550 -0.017450
6.351250 6.126750 5.906250 5.689750 5.477250 5.268750 5.064250 4.863750 4.667250 4.474750 4.286250 4.101750 3.921250 3.744750 3.572250 3.403750 3.239250 3.078750 2.922250 2.769750 2.621250 2.476750 2.336250 2.199750 2.067250 1.938750 1.814250 1.693750 1.577250 1.464750 1.356250 1.251750 1.151250 1.054750 0.962250 0.873750 0.789250 0.708750 0.632250 0.559750 0.491250 0.426750 0.366250 0.309750 0.257250 0.208750 0.164250 0.123750 0.087250 0.054750 0.026250 0.001750 -0.018750 -0.035250 -0.047750 -0.056250 -0.060750 -0.061250 -0.057750 -0.050250 -0.038750 -0.023250 -0.003750
6.403750 6.178650 5.957550 5.740450 5.527350 5.318250 5.113150 4.912050 4.714950 4.521850 4.332750 4.147650 3.966550 3.789450 3.616350 3.447250 3.282150 3.121050 2.963950 2.810850 2.661750 2.516650 2.375550 2.238450 2.105350 1.976250 1.851150 1.730050 1.612950 1.499850 1.390750 1.285650 1.184550 1.087450 0.994350 0.905250 0.820150 0.739050 0.661950 0.588850 0.519750 0.454650 0.393550 0.336450 0.283350 0.234250 0.189150 0.148050 0.110950 0.077850 0.048750 0.023650 0.002550 -0.014550 -0.027650 -0.036750 -0.041850 -0.042950 -0.040050 -0.033150 -0.022250 -0.007350 0.011550
6.457850 6.232150 6.010450 5.792750 5.579050 5.369350 5.163650 4.961950 4.764250 4.570550 4.380850 4.195150 4.013450 3.835750 3.662050 3.492350 3.326650 3.164950 3.007250 2.853550 2.703850 2.558150 2.416450 2.278750 2.145050 2.015350 1.889650 1.767950 1.650250 1.536550 1.426850 1.321150 1.219450 1.121750 1.028050 0.938350 0.852650 0.770950 0.693250 0.619550 0.549850 0.484150 0.422450 0.364750 0.311050 0.261350 0.215650 0.173950 0.136250 0.102550 0.072850 0.047150 0.025450 0.007750 -0.005950 -0.015650 -0.021350 -0.023050 -0.020750 -0.014450 -0.004150 0.010150 0.028450
6.513550 6.287250 6.064950 5.846650 5.632350 5.422050 5.215750 5.013450 4.815150 4.620850 4.430550 4.244250 4.061950 3.883650 3.709350 3.539050 3.372750 3.210450 3.052150 2.897850 2.747550 2.601250 2.458950 2.320650 2.186350 2.056050 1.929750 1.807450 1.689150 1.574850 1.464550 1.358250 1.255950 1.157650 1.063350 0.973050 0.886750 0.804450 0.726150 0.651850 0.581550 0.515250 0.452950 0.394650 0.340350 0.290050 0.243750 0.201450 0.163150 0.128850 0.098550 0.072250 0.049950 0.031650 0.017350 0.007050 0.000750 -0.001550 0.000150 0.005850 0.015550 0.029250 0.046950
6.570850 6.343950 6.121050 5.902150 5.687250 5.476350 5.269450 5.066550 4.867650 4.672750 4.481850 4.294950 4.112050 3.933150 3.758250 3.587350 3.420450 3.257550 3.098650 2.943750 2.792850 2.645950 2.503050 2.364150 2.229250 2.098350 1.971450 1.848550 1.729650 1.614750 1.503850 1.396950 1.294050 1.195150 1.100250 1.009350 0.922450 0.839550 0.760650 0.685750 0.614850 0.547950 0.485050 0.426150 0.371250 0.320350 0.273450 0.230550 0.191650 0.156750 0.125850 0.098950 0.076050 0.057150 0.042250 0.031350 0.024450 0.021550 0.022650 0.027750 0.036850 0.049950 0.067050
6.629750 6.402250 6.178750 5.959250 5.743750 5.532250 5.324750 5.121250 4.921750 4.726250 4.534750 4.347250 4.163750 3.984250 3.808750 3.637250 3.469750 3.306250 3.146750 2.991250 2.839750 2.692250 2.548750 2.409250 2.273750 2.142250 2.014750 1.891250 1.771750 1.656250 1.544750 1.437250 1.333750 1.234250 1.138750 1.047250 0.959750 0.876250 0.796750 0.721250 0.649750 0.582250 0.518750 0.459250 0.403750 0.352250 0.304750 0.261250 0.221750 0.186250 0.154750 0.127250 0.103750 0.084250 0.068750 0.057250 0.049750 0.046250 0.046750 0.051250 0.059750 0.072250 0.088750
6.690250 6.462150 6.238050 6.017950 5.801850 5.589750 5.381650 5.177550 4.977450 4.781350 4.589250 4.401150 4.217050 4.036950 3.860850 3.688750 3.520650 3.356550 3.196450 3.040350 2.888250 2.740150 2.596050 2.455950 2.319850 2.187750 2.059650 1.935550 1.815450 1.699350 1.587250 1.479150 1.375050 1.274950 1.178850 1.086750 0.998650 0.914550 0.834450 0.758350 0.686250 0.618150 0.554050 0.493950 0.437850 0.385750 0.337650 0.293550 0.253450 0.217350 0.185250 0.157150 0.133050 0.112950 0.096850 0.084750 0.076650 0.072550 0.072450 0.076350 0.084250 0.096150 0.112050
6.752350 6.523650 6.298950 6.078250 5.861550 5.648850 5.440150 5.235450 5.034750 4.838050 4.645350 4.456650 4.271950 4.091250 3.914550 3.741850 3.573150 3.408450 3.247750 3.091050 2.938350 2.789650 2.644950 2.504250 2.367550 2.234850 2.106150 1.981450 1.860750 1.744050 1.631350 1.522650 1.417950 1.317250 1.220550 1.127850 1.039150 0.954450 0.873750 0.797050 0.724350 0.655650 0.590950 0.530250 0.473550 0.420850 0.372150 0.327450 0.286750 0.250050 0.217350 0.188650 0.163950 0.143250 0.126550 0.113850 0.105150 0.100450 0.099750 0.103050 0.110350 0.121650 0.136950
6.816050 6.586750 6.361450 6.140150 5.922850 5.709550 5.500250 5.294950 5.093650 4.896350 4.703050 4.513750 4.328450 4.147150 3.969850 3.796550 3.627250 3.461950 3.300650 3.143350 2.990050 2.840750 2.695450 2.554150 2.416850 2.283550 2.154250 2.028950 1.907650 1.790350 1.677050 1.567750 1.462450 1.361150 1.263850 1.170550 1.081250 0.995950 0.914650 0.837350 0.764050 0.694750 0.629450 0.568150 0.510850 0.457550 0.408250 0.362950 0.321650 0.284350 0.251050 0.221750 0.196450 0.175150 0.157850 0.144550 0.135250 0.129950 0.128650 0.131350 0.138050 0.148750 0.163450
