tests/fixtures/reference/slope/slope-gdal.asc
ncols        120
nrows        100
xllcorner    500000.000000000000
yllcorner    4600000.000000000000
cellsize     1.000000000000
NODATA_value -9999
[rows 54 to 71 of 100, columns 40 to 79 of 120]
4.613491058349609375 4.3981943130493164062 4.1843800544738769531 3.9723193645477294922 3.7623383998870849609 3.5548326969146728516 3.3502945899963378906 3.1493318080902099609 2.952701568603515625 2.7613582611083984375 2.5765087604522705078 2.3996787071228027344 2.2328026294708251953 2.0783011913299560547 1.9391595125198364258 1.8189241886138916016 1.7215800285339355469 1.6511924266815185547 1.6113084554672241211 1.6042101383209228516 1.6303271055221557617 1.688114166259765625 1.774474024772644043 1.8854733705520629883 2.0170352458953857422 2.1654007434844970703 2.3273394107818603516 2.5001971721649169922 2.6818447113037109375 2.8705897331237792969 3.0650987625122070312 3.2643220424652099609 3.4674215316772460938 3.6737298965454101562 3.8827128410339355469 4.0939297676086425781 4.3070349693298339844 4.5217351913452148438 4.7377820014953613281 4.9549727439880371094
4.6877450942993164062 4.4736361503601074219 4.2610974311828613281 4.0504026412963867188 3.8418896198272705078 3.6359591484069824219 3.4331066608428955078 3.2339406013488769531 3.0392124652862548828 2.8498616218566894531 2.6670594215393066406 2.492275238037109375 2.3273396492004394531 2.1745202541351318359 2.0365691184997558594 1.9167174100875854492 1.8185641765594482422 1.7457879781723022461 1.7016569375991821289 1.6884251832962036133 1.7068128585815429688 1.7558255195617675781 1.83300018310546875 1.9349627494812011719 2.0580191612243652344 2.1986157894134521484 2.3535945415496826172 2.5202856063842773438 2.6965003013610839844 2.8804655075073242188 3.0707700252532958984 3.2662835121154785156 3.4661030769348144531 3.6694970130920410156 3.8758826255798339844 4.08477783203125 4.2957940101623535156 4.5086112022399902344 4.7229547500610351562 4.9385981559753417969
4.7628126144409179688 4.5498952865600585938 4.3386316299438476562 4.1292972564697265625 3.9222390651702880859 3.7178616523742675781 3.5166618824005126953 3.3192493915557861328 3.1263663768768310547 2.9389314651489257812 2.7580852508544921875 2.5852358341217041016 2.4221200942993164062 2.2708606719970703125 2.1340012550354003906 2.0144994258880615234 1.9156223535537719727 1.8407099246978759766 1.7927814722061157227 1.7740306854248046875 1.7853777408599853516 1.8262630701065063477 1.8947685956954956055 1.988033294677734375 2.1027555465698242188 2.23561859130859375 2.3835744857788085938 2.5439755916595458984 2.7145955562591552734 2.8936102390289306641 3.0795352458953857422 3.2711656093597412109 3.4675347805023193359 3.6678595542907714844 3.871501922607421875 4.0779395103454589844 4.2867436408996582031 4.4975614547729492188 4.7100934982299804688 4.9240980148315429688
4.8386592864990234375 4.6269311904907226562 4.4169354438781738281 4.208953857421875 4.0033354759216308594 3.8004872798919677734 3.6009073257446289062 3.4052045345306396484 3.2141077518463134766 3.0285181999206542969 2.8495390415191650391 2.6785211563110351562 2.5171139240264892578 2.3673043251037597656 2.2314522266387939453 2.1122701168060302734 2.0127410888671875 1.9359108209609985352 1.8845689296722412109 1.8608323335647583008 1.8657590150833129883 1.8991236686706542969 1.9594713449478149414 2.0444061756134033203 2.1510083675384521484 2.2762212753295898438 2.4171397686004638672 2.5711660385131835938 2.7360684871673583984 2.9099819660186767578 3.0913622379302978516 3.2789490222930908203 3.4717156887054443359 3.6688199043273925781 3.8695783615112304688 4.0734272003173828125 4.2798981666564941406 4.488605499267578125 4.6992220878601074219 4.9114847183227539062
4.9152426719665527344 4.70470428466796875 4.4959683418273925781 4.2893285751342773438 4.0851306915283203125 3.8837881088256835938 3.6857955455780029297 3.4917562007904052734 3.3023896217346191406 3.1185750961303710938 2.941379547119140625 2.7720990180969238281 2.6122956275939941406 2.4638369083404541016 2.3289153575897216797 2.2100303173065185547 2.1099102497100830078 2.0313479900360107422 1.9769241809844970703 1.94866943359375 1.9477268457412719727 1.9741364717483520508 2.0268273353576660156 2.1038146018981933594 2.2025456428527832031 2.3202352523803710938 2.4541425704956054688 2.6017458438873291016 2.7608354091644287109 2.9295217990875244141 3.1062204837799072266 3.2896175384521484375 3.4786336421966552734 3.6723771095275878906 3.8701198101043701172 4.0712523460388183594 4.2752666473388671875 4.4817519187927246094 4.6903538703918457031 4.9007778167724609375
4.9925303459167480469 4.7831768989562988281 4.5756931304931640625 4.3703780174255371094 4.1675829887390136719 3.9677183628082275391 3.7712805271148681641 3.5788586139678955078 3.3911664485931396484 3.2090587615966796875 3.0335688591003417969 2.8659343719482421875 2.7076430320739746094 2.5604481697082519531 2.4263889789581298828 2.3077778816223144531 2.2071232795715332031 2.1269881725311279297 2.0697691440582275391 2.0374050140380859375 2.0310904979705810547 2.0510649681091308594 2.0965752601623535156 2.1660065650939941406 2.2571432590484619141 2.3674688339233398438 2.4944274425506591797 2.635601043701171875 2.7888121604919433594 2.9521684646606445312 3.1240637302398681641 3.3031415939331054688 3.4882738590240478516 3.67852783203125 3.8731198310852050781 4.0714087486267089844 4.2728567123413085938 4.4770116806030273438 4.6834959983825683594 4.89199066162109375
5.0704894065856933594 4.8623099327087402344 4.656070709228515625 4.4520692825317382812 4.2506518363952636719 4.0522379875183105469 3.8573181629180908203 3.6664690971374511719 3.4803998470306396484 3.2999339103698730469 3.1260731220245361328 2.9600038528442382812 2.8031375408172607422 2.6571242809295654297 2.5238687992095947266 2.4055140018463134766 2.3043689727783203125 2.2228024005889892578 2.1630396842956542969 2.126926422119140625 2.1156811714172363281 2.1296985149383544922 2.1684842109680175781 2.2307462692260742188 2.3145802021026611328 2.4177343845367431641 2.5378415584564208984 2.6726016998291015625 2.8198988437652587891 2.9778535366058349609 3.1448435783386230469 3.3194842338562011719 3.5006122589111328125 3.6872503757476806641 3.8785758018493652344 4.0739078521728515625 4.2726731300354003906 4.4743938446044921875 4.6786551475524902344 4.8851246833801269531
5.1490845680236816406 4.9420714378356933594 4.7370634078979492188 4.5343575477600097656 4.3343033790588378906 4.1373109817504882812 3.9438681602478027344 3.7545542716979980469 3.5700509548187255859 3.3911662101745605469 3.21886444091796875 3.0542838573455810547 2.898761749267578125 2.7538573741912841797 2.6213531494140625 2.50323486328125 2.4016432762145996094 2.3187670707702636719 2.2566783428192138672 2.2171349525451660156 2.2013542652130126953 2.2098512649536132812 2.2423481941223144531 2.2978203296661376953 2.374652862548828125 2.4708461761474609375 2.5842232704162597656 2.7126176357269287109 2.8539912700653076172 3.0064945220947265625 3.1685016155242919922 3.3386087417602539062 3.5156228542327880859 3.6985278129577636719 3.8864729404449462891 4.0787415504455566406 4.2747178077697753906 4.4738974571228027344 4.6758508682250976562 4.88019561767578125
5.2282834053039550781 5.0224375724792480469 4.8186435699462890625 4.6172146797180175781 4.4184985160827636719 4.2228975296020507812 4.0309033393859863281 3.8430809974670410156 3.6600887775421142578 3.4827263355255126953 3.3119151592254638672 3.1487514972686767578 2.9945023059844970703 2.8506417274475097656 2.7188372611999511719 2.6009411811828613281 2.4989409446716308594 2.4148621559143066406 2.3506419658660888672 2.3079485893249511719 2.2879924774169921875 2.2913682460784912109 2.3179750442504882812 2.3670275211334228516 2.4371638298034667969 2.5266182422637939453 2.6334145069122314453 2.7555215358734130859 2.8909850120544433594 3.0380072593688964844 3.1949713230133056641 3.3604605197906494141 3.5332670211791992188 3.7123436927795410156 3.8968021869659423828 4.0858983993530273438 4.2789864540100097656 4.4755234718322753906 4.6750650405883789062 4.8772139549255371094
5.3080587387084960938 5.1033611297607421875 4.9007778167724609375 4.7006096839904785156 4.5032062530517578125 4.3089718818664550781 4.1183876991271972656 3.9320080280303955078 3.7504854202270507812 3.5745851993560791016 3.4052035808563232422 3.2433872222900390625 3.0903468132019042969 2.9474685192108154297 2.8163204193115234375 2.6986343860626220703 2.5962555408477783203 2.5110707283020019531 2.4448907375335693359 2.3992972373962402344 2.3754816055297851562 2.3741025924682617188 2.3951976299285888672 2.4381830692291259766 2.5019257068634033203 2.5848822593688964844 2.6852593421936035156 2.8011746406555175781 2.9307727813720703125 3.0723030567169189453 3.2241785526275634766 3.3849925994873046875 3.5535106658935546875 3.7286665439605712891 3.9095418453216552734 4.0953617095947265625 4.2854709625244140625 4.4792809486389160156 4.6763210296630859375 4.8761734962463378906
5.3883881568908691406 5.1848297119140625 4.9834380149841308594 4.7845082283020019531 4.5883932113647460938 4.3954977989196777344 4.2062878608703613281 4.0213112831115722656 3.8412113189697265625 3.6667203903198242188 3.4987087249755859375 3.338176727294921875 3.1862819194793701172 3.0443296432495117188 2.9138023853302001953 2.7963113784790039062 2.6935827732086181641 2.6073782444000244141 2.5393886566162109375 2.4911167621612548828 2.4637303352355957031 2.4579269886016845703 2.4738645553588867188 2.5111224651336669922 2.5687708854675292969 2.64546966552734375 2.7396075725555419922 2.8494462966918945312 2.9732358455657958984 3.1092925071716308594 3.2560608386993408203 3.4121472835540771484 3.5763027667999267578 3.7474515438079833984 3.9246680736541748047 4.1071305274963378906 4.2941527366638183594 4.4851517677307128906 4.6796083450317382812 4.877079010009765625
5.4692435264587402344 5.2668137550354003906 5.0665912628173828125 4.8688836097717285156 4.6740365028381347656 4.482448577880859375 4.2945809364318847656 4.1109704971313476562 3.9322397708892822266 3.7591078281402587891 3.5924119949340820312 3.4331073760986328125 3.2822959423065185547 3.1412222385406494141 3.0112760066986083984 2.8939728736877441406 2.7909224033355712891 2.7037715911865234375 2.6341097354888916016 2.5833611488342285156 2.5526611804962158203 2.5427381992340087891 2.5538399219512939453 2.5856919288635253906 2.6375396251678466797 2.7082219123840332031 2.7963120937347412109 2.9002068042755126953 3.018260955810546875 3.1488764286041259766 3.290531158447265625 3.4418499469757080078 3.6015996932983398438 3.7686786651611328125 3.9421482086181640625 4.1211748123168945312 4.3050360679626464844 4.4931287765502929688 4.6849164962768554688 4.8799290657043457031
5.5505957603454589844 5.3492741584777832031 5.1502175331115722656 4.9537138938903808594 4.7601099014282226562 4.5698003768920898438 4.38323974609375 4.2009534835815429688 4.0235509872436523438 3.8517315387725830078 3.6862912178039550781 3.5281610488891601562 3.3783850669860839844 3.2381441593170166016 3.1087443828582763672 2.9916186332702636719 2.8882694244384765625 2.8002417087554931641 2.72902679443359375 2.6759808063507080078 2.6421995162963867188 2.6284372806549072266 2.6350040435791015625 2.6617512702941894531 2.7080776691436767578 2.7729966640472412109 2.8552303314208984375 2.9533219337463378906 3.0657410621643066406 3.1909554004669189453 3.3275082111358642578 3.4740464687347412109 3.6293435096740722656 3.7923059463500976562 3.9619600772857666016 4.1374692916870117188 4.318096160888671875 4.5032052993774414062 4.6922373771667480469 4.884723663330078125
5.6324224472045898438 5.4322028160095214844 5.2342901229858398438 5.0389642715454101562 4.8465838432312011719 4.6575250625610351562 4.4722385406494140625 4.2912421226501464844 4.1151242256164550781 3.9445641040802001953 3.7803380489349365234 3.6233282089233398438 3.4745347499847412109 3.3350849151611328125 3.2062063217163085938 3.0892457962036132812 2.9856197834014892578 2.8967759609222412109 2.8241181373596191406 2.7689325809478759766 2.7322859764099121094 2.7149345874786376953 2.7172493934631347656 2.7391769886016845703 2.7802553176879882812 2.8396468162536621094 2.9162232875823974609 3.0086677074432373047 3.1155529022216796875 3.2354352474212646484 3.3669123649597167969 3.5086684226989746094 3.6594829559326171875 3.8182704448699951172 3.9840626716613769531 4.1559920310974121094 4.3333110809326171875 4.5153636932373046875 4.70157623291015625 4.8914551734924316406
5.7147021293640136719 5.5155820846557617188 5.3187894821166992188 5.1246252059936523438 4.9334349632263183594 4.7456040382385253906 4.5615611076354980469 4.38181304931640625 4.2069411277770996094 4.0375971794128417969 3.8745353221893310547 3.7185978889465332031 3.5707471370697021484 3.4320416450500488281 3.3036553859710693359 3.1868550777435302734 3.0829722881317138672 2.9933671951293945312 2.91936492919921875 2.8621881008148193359 2.8228671550750732422 2.8021566867828369141 2.8004741668701171875 2.8178553581237792969 2.8539459705352783203 2.9080479145050048828 2.9791722297668457031 3.0661242008209228516 3.167591094970703125 3.2822165489196777344 3.4086554050445556641 3.5456316471099853516 3.69195556640625 3.8465402126312255859 4.0084176063537597656 4.1767106056213378906 4.3506569862365722656 4.5295844078063964844 4.7129125595092773438 4.9001173973083496094
5.7974214553833007812 5.5993685722351074219 5.4036874771118164062 5.21067047119140625 5.0206475257873535156 4.8340067863464355469 4.6511759757995605469 4.4726457595825195312 4.2989783287048339844 4.1308112144470214844 3.9688684940338134766 3.8139631748199462891 3.6670057773590087891 3.5290119647979736328 3.4010941982269287109 3.2844457626342773438 3.1803233623504638672 3.0900061130523681641 3.0147488117218017578 2.9557132720947265625 2.9138920307159423828 2.8900361061096191406 2.8845963478088378906 2.8976793289184570312 2.9290306568145751953 2.9780745506286621094 3.0439443588256835938 3.1255710124969482422 3.2217478752136230469 3.3312010765075683594 3.4526553153991699219 3.5848751068115234375 3.7266993522644042969 3.8770620822906494141 4.0349831581115722656 4.1995878219604492188 4.3701081275939941406 4.5458583831787109375 4.7262325286865234375 4.9106884002685546875
5.8805470466613769531 5.683551788330078125 5.4889626502990722656 5.2970676422119140625 5.1081943511962890625 4.9227247238159179688 4.741069793701171875 4.5637249946594238281 4.3912296295166015625 4.2241964340209960938 4.063327789306640625 3.9094104766845703125 3.7633070945739746094 3.6259953975677490234 3.4985215663909912109 3.3820178508758544922 3.2776737213134765625 3.1866898536682128906 3.1102595329284667969 3.0494818687438964844 3.0053172111511230469 2.9785103797912597656 2.9695363044738769531 2.9785566329956054688 3.0054035186767578125 3.0496096611022949219 3.1104290485382080078 3.1868984699249267578 3.2779109477996826172 3.382289886474609375 3.4988224506378173828 3.6263194084167480469 3.7636554241180419922 3.9097740650177001953 4.0637135505676269531 4.2246003150939941406 4.3916401863098144531 4.5641570091247558594 4.7415146827697753906 4.9231734275817871094
5.9640669822692871094 5.7681202888488769531 5.5746035575866699219 5.3838114738464355469 5.1960654258728027344 5.0117349624633789062 4.8312325477600097656 4.65503692626953125 4.4836688041687011719 4.3177332878112792969 4.1579060554504394531 4.0049319267272949219 3.8596503734588623047 3.7229866981506347656 3.5959370136260986328 3.4795718193054199219 3.3750164508819580078 3.2834103107452392578 3.2058801651000976562 3.1434700489044189453 3.0971093177795410156 3.067531585693359375 3.0552265644073486328 3.0604023933410644531 3.0829720497131347656 3.1225552558898925781 3.1785147190093994141 3.2499928474426269531 3.3359830379486083984 3.4353899955749511719 3.5470681190490722656 3.6698892116546630859 3.8027575016021728516 3.9446315765380859375 4.0945682525634765625 4.251697540283203125 4.4152212142944335938 4.5844473838806152344 4.7587409019470214844 4.9375457763671875
