tests/fixtures/reference/slope/slope-gdal.asc
ncols        120
nrows        100
xllcorner    500000.000000000000
yllcorner    4600000.000000000000
cellsize     1.000000000000
NODATA_value -9999
[rows 54 to 71 of 100, columns 80 to 119 of 120]
5.1731414794921875 5.3921442031860351562 5.61185455322265625 5.8321661949157714844 6.0529880523681640625 6.2742338180541992188 6.4958400726318359375 6.7177510261535644531 6.9398889541625976562 7.1622219085693359375 7.3847150802612304688 7.6072955131530761719 7.8299489021301269531 8.0526752471923828125 8.2753839492797851562 8.4980611801147460938 8.7207212448120117188 8.9433078765869140625 9.1657934188842773438 9.3881711959838867188 9.6104478836059570312 9.8325738906860351562 10.05451202392578125 10.276272773742675781 10.497867584228515625 10.719257354736328125 10.940415382385253906 11.16135406494140625 11.382036209106445312 11.602449417114257812 11.822623252868652344 12.042506217956542969 12.262103080749511719 12.481414794921875 12.7003936767578125 12.919083595275878906 13.137448310852050781 13.355455398559570312 13.573133468627929688 -9999
5.1553587913513183594 5.3730740547180175781 5.5916008949279785156 5.8108320236206054688 6.0306577682495117188 6.2509775161743164062 6.471729278564453125 6.6928448677062988281 6.9142584800720214844 7.1359066963195800781 7.357753753662109375 7.5797486305236816406 7.8018517494201660156 8.0240392684936523438 8.2462682723999023438 8.468502044677734375 8.6907215118408203125 8.9129056930541992188 9.1350278854370117188 9.3570499420166015625 9.5789794921875 9.8007841110229492188 10.022432327270507812 10.243941307067871094 10.465259552001953125 10.686388969421386719 10.90732574462890625 11.128030776977539062 11.348493576049804688 11.5687255859375 11.788727760314941406 12.0084381103515625 12.227871894836425781 12.447018623352050781 12.665853500366210938 12.884421348571777344 13.102647781372070312 13.320534706115722656 13.538114547729492188 -9999
5.1393637657165527344 5.3557047843933105469 5.57297515869140625 5.7910475730895996094 6.0098042488098144531 6.2291479110717773438 6.4489932060241699219 6.6692614555358886719 6.8898873329162597656 7.1108102798461914062 7.3319768905639648438 7.5533347129821777344 7.7748456001281738281 7.9964766502380371094 8.21817779541015625 8.439929962158203125 8.66168975830078125 8.8834390640258789062 9.1051616668701171875 9.3268098831176757812 9.5483732223510742188 9.7698268890380859375 9.9911680221557617188 10.212383270263671875 10.433419227600097656 10.654268264770507812 10.87493896484375 11.095434188842773438 11.315684318542480469 11.535692214965820312 11.755481719970703125 11.975003242492675781 12.194247245788574219 12.413238525390625 12.6319427490234375 12.85034942626953125 13.068423271179199219 13.286180496215820312 13.503637313842773438 -9999
5.1251626014709472656 5.3400521278381347656 5.5559887886047363281 5.7728300094604492188 5.9904570579528808594 6.2087621688842773438 6.4276394844055175781 6.6470041275024414062 6.866794586181640625 7.0869417190551757812 7.3073797225952148438 7.5280671119689941406 7.7489471435546875 7.9699788093566894531 8.1911306381225585938 8.4123697280883789062 8.6336412429809570312 8.8549222946166992188 9.0762052536010742188 9.2974452972412109375 9.5186252593994140625 9.7397413253784179688 9.9607362747192382812 10.181595802307128906 10.402340888977050781 10.622902870178222656 10.843316078186035156 11.063553810119628906 11.283536911010742188 11.503328323364257812 11.722902297973632812 11.942221641540527344 12.161311149597167969 12.380095481872558594 12.598602294921875 12.816861152648925781 13.03478240966796875 13.252409934997558594 13.469731330871582031 -9999
5.1127729415893554688 5.3261270523071289062 5.5406603813171386719 5.7561998367309570312 5.9726300239562988281 6.1898293495178222656 6.4076738357543945312 6.6260929107666015625 6.8449997901916503906 7.0643210411071777344 7.2839970588684082031 7.5039548873901367188 7.7241678237915039062 7.9445781707763671875 8.1651258468627929688 8.38580322265625 8.6065673828125 8.8273649215698242188 9.0481815338134765625 9.2689876556396484375 9.4897508621215820312 9.7104673385620117188 9.9311170578002929688 10.151653289794921875 10.372046470642089844 10.592312812805175781 10.812437057495117188 11.032373428344726562 11.252110481262207031 11.471669197082519531 11.691023826599121094 11.9101104736328125 12.12896728515625 12.347568511962890625 12.5659027099609375 12.78397369384765625 13.001730918884277344 13.219202041625976562 13.436390876770019531 -9999
5.1022129058837890625 5.3139491081237792969 5.5269908905029296875 5.7411699295043945312 5.9563388824462890625 6.1723589897155761719 6.389125823974609375 6.6065335273742675781 6.8245105743408203125 7.0429658889770507812 7.2618169784545898438 7.4810266494750976562 7.7005209922790527344 7.9202489852905273438 8.1401929855346679688 8.3602895736694335938 8.5804738998413085938 8.80075836181640625 9.0210981369018554688 9.241436004638671875 9.4617719650268554688 9.682071685791015625 9.90232086181640625 10.122493743896484375 10.342554092407226562 10.562494277954101562 10.782294273376464844 11.001925468444824219 11.221409797668457031 11.4407196044921875 11.659800529479980469 11.878650665283203125 12.097271919250488281 12.315675735473632812 12.533823966979980469 12.751694679260253906 12.969285011291503906 13.186601638793945312 13.403618812561035156 -9999
5.093502044677734375 5.3035340309143066406 5.5150156021118164062 5.7277469635009765625 5.9415850639343261719 6.1563763618469238281 6.3719959259033203125 6.5883593559265136719 6.8053431510925292969 7.0228629112243652344 7.2408595085144042969 7.4592752456665039062 7.6780161857604980469 7.8970398902893066406 8.1163234710693359375 8.33579254150390625 8.5554056167602539062 8.7751331329345703125 8.9949398040771484375 9.2148008346557617188 9.4346752166748046875 9.6545400619506835938 9.8743839263916015625 10.094155311584472656 10.313847541809082031 10.53343963623046875 10.752923965454101562 10.972255706787109375 11.191417694091796875 11.410434722900390625 11.629250526428222656 11.847875595092773438 12.066285133361816406 12.284422874450683594 12.502346038818359375 12.72003936767578125 12.937439918518066406 13.154561042785644531 13.371394157409667969 -9999
5.0866336822509765625 5.2948870658874511719 5.5047268867492675781 5.7159495353698730469 5.928386688232421875 6.141887664794921875 6.3563127517700195312 6.5715532302856445312 6.7874941825866699219 7.0040464401245117188 7.2211451530456542969 7.4387145042419433594 7.6566710472106933594 7.8749599456787109375 8.0935239791870117188 8.3123311996459960938 8.531341552734375 8.7504873275756835938 8.9697484970092773438 9.1890926361083984375 9.40848541259765625 9.6278905868530273438 9.8472766876220703125 10.066645622253417969 10.285947799682617188 10.505182266235351562 10.724316596984863281 10.943304061889648438 11.162166595458984375 11.380871772766113281 11.599419593811035156 11.8177642822265625 12.035904884338378906 12.253843307495117188 12.471538543701171875 12.688989639282226562 12.906185150146484375 13.123112678527832031 13.339761734008789062 -9999
5.0816292762756347656 5.2880201339721679688 5.4961409568786621094 5.7057852745056152344 5.9167566299438476562 6.128902435302734375 6.342075347900390625 6.5561418533325195312 6.7709937095642089844 6.9865350723266601562 7.202686309814453125 7.4193520545959472656 7.6364717483520507812 7.8539843559265136719 8.0718278884887695312 8.2899370193481445312 8.5082921981811523438 8.7268419265747070312 8.9455175399780273438 9.1643190383911132812 9.383190155029296875 9.6020956039428710938 9.8210363388061523438 10.039996147155761719 10.258884429931640625 10.477703094482421875 10.696455001831054688 10.915105819702148438 11.133634567260742188 11.352039337158203125 11.570285797119140625 11.788333892822265625 12.006218910217285156 12.223889350891113281 12.441328048706054688 12.65856170654296875 12.875551223754882812 13.092272758483886719 13.308725357055664062 -9999
5.0784759521484375 5.282932281494140625 5.4892716407775878906 5.6972637176513671875 5.9067111015319824219 6.1174407005310058594 6.3292813301086425781 6.5421276092529296875 6.7558460235595703125 6.9703230857849121094 7.1854777336120605469 7.401210784912109375 7.6174564361572265625 7.8341426849365234375 8.05121612548828125 8.2686147689819335938 8.4862871170043945312 8.7041807174682617188 8.9222497940063476562 9.1404857635498046875 9.3588161468505859375 9.5772151947021484375 9.7956800460815429688 10.01416015625 10.232604026794433594 10.451024055480957031 10.669398307800292969 10.887678146362304688 11.105856895446777344 11.323914527893066406 11.541845321655273438 11.759606361389160156 11.977207183837890625 12.194592475891113281 12.411772727966308594 12.628762245178222656 12.845521926879882812 13.062033653259277344 13.278264045715332031 -9999
5.0771932601928710938 5.2796335220336914062 5.4841175079345703125 5.6903905868530273438 5.8982448577880859375 6.1074934005737304688 6.3179678916931152344 6.5295324325561523438 6.7420592308044433594 6.9554147720336914062 7.1695265769958496094 7.3842992782592773438 7.5996227264404296875 7.8154506683349609375 8.031719207763671875 8.2483577728271484375 8.4653072357177734375 8.6825199127197265625 8.899967193603515625 9.1176013946533203125 9.3353710174560546875 9.5532350540161132812 9.7711839675903320312 9.9891757965087890625 10.207161903381347656 10.425162315368652344 10.643126487731933594 10.861002922058105469 11.0788116455078125 11.296530723571777344 11.514127731323242188 11.731545448303222656 11.948843955993652344 12.1659698486328125 12.382879257202148438 12.599623680114746094 12.816121101379394531 13.032375335693359375 13.248396873474121094 -9999
5.0777878761291503906 5.2781419754028320312 5.4806804656982421875 5.6851711273193359375 5.8913707733154296875 6.0990767478942871094 6.3081288337707519531 6.5183582305908203125 6.7296323776245117188 6.9418339729309082031 7.1548581123352050781 7.3685984611511230469 7.582973480224609375 7.7979278564453125 8.01334381103515625 8.229175567626953125 8.4453859329223632812 8.6618976593017578125 8.8786716461181640625 9.095668792724609375 9.3128452301025390625 9.53014373779296875 9.7475528717041015625 9.965057373046875 10.182565689086914062 10.400099754333496094 10.617643356323242188 10.835112571716308594 11.052518844604492188 11.269856452941894531 11.48711395263671875 11.704225540161132812 11.921193122863769531 12.138014793395996094 12.354638099670410156 12.571082115173339844 12.787321090698242188 13.003340721130371094 13.219151496887207031 -9999
5.0802450180053710938 5.2784357070922851562 5.4789819717407226562 5.681610107421875 5.8860921859741210938 6.0922031402587890625 6.2997636795043945312 6.5086078643798828125 6.7185873985290527344 6.9295821189880371094 7.1414737701416015625 7.3541593551635742188 7.5675382614135742188 7.7815413475036621094 7.9960699081420898438 8.211086273193359375 8.4265146255493164062 8.6422834396362304688 8.85837554931640625 9.0747079849243164062 9.2912540435791015625 9.507976531982421875 9.7248277664184570312 9.9417924880981445312 10.158810615539550781 10.3758544921875 10.592921257019042969 10.80999755859375 11.026997566223144531 11.243947029113769531 11.460835456848144531 11.677568435668945312 11.894217491149902344 12.110733985900878906 12.327039718627929688 12.543210983276367188 12.759174346923828125 12.974933624267578125 13.190497398376464844 -9999
5.084564208984375 5.2805228233337402344 5.4790029525756835938 5.6797194480895996094 5.8824229240417480469 6.0868735313415527344 6.2928862571716308594 6.5002880096435546875 6.7089228630065917969 6.9186701774597167969 7.12938690185546875 7.3409566879272460938 7.5533037185668945312 7.7663297653198242188 7.9799432754516601562 8.194095611572265625 8.408710479736328125 8.6237077713012695312 8.8390655517578125 9.0547275543212890625 9.27060699462890625 9.4867229461669921875 9.7029962539672851562 9.91938018798828125 10.13588714599609375 10.352446556091308594 10.569041252136230469 10.785655975341796875 11.002226829528808594 11.218780517578125 11.435283660888671875 11.651647567749023438 11.867932319641113281 12.084103584289550781 12.300119400024414062 12.515986442565917969 12.731662750244140625 12.947147369384765625 13.162423133850097656 -9999
5.0907464027404785156 5.2844018936157226562 5.4807581901550292969 5.6794943809509277344 5.8803462982177734375 6.0830903053283691406 6.2875065803527832031 6.4934177398681640625 6.7006640434265136719 6.9090905189514160156 7.1185784339904785156 7.3290195465087890625 7.5402812957763671875 7.752288818359375 7.964962005615234375 8.1782083511352539062 8.3919668197631835938 8.6061716079711914062 8.8207721710205078125 9.035701751708984375 9.2509326934814453125 9.46639251708984375 9.682037353515625 9.8978729248046875 10.113832473754882812 10.329870223999023438 10.545958518981933594 10.762102127075195312 10.978251457214355469 11.194354057312011719 11.410439491271972656 11.626459121704101562 11.842350006103515625 12.058157920837402344 12.273853302001953125 12.489403724670410156 12.704791069030761719 12.919973373413085938 13.134973526000976562 -9999
5.0987749099731445312 5.2900786399841308594 5.4842329025268554688 5.6809291839599609375 5.8798818588256835938 6.0808553695678710938 6.2836246490478515625 6.4879946708679199219 6.6937928199768066406 6.9008669853210449219 7.1090855598449707031 7.3183207511901855469 7.5284829139709472656 7.7394418716430664062 7.9511103630065917969 8.1634225845336914062 8.3763036727905273438 8.589679718017578125 8.803493499755859375 9.0176839828491210938 9.232196807861328125 9.446987152099609375 9.6620149612426757812 9.8772344589233398438 10.092622756958007812 10.308130264282226562 10.523700714111328125 10.73934173583984375 10.955025672912597656 11.170684814453125 11.386362075805664062 11.601978302001953125 11.817482948303222656 12.032927513122558594 12.248260498046875 12.463476181030273438 12.678546905517578125 12.89344024658203125 13.108152389526367188 -9999
5.1086573600769042969 5.2975339889526367188 5.4894342422485351562 5.684032440185546875 5.8810319900512695312 6.0801792144775390625 6.2812285423278808594 6.484004974365234375 6.6883187294006347656 6.8939967155456542969 7.1009092330932617188 7.3089079856872558594 7.5179014205932617188 7.7277708053588867188 7.93841552734375 8.149761199951171875 8.3617219924926757812 8.5742359161376953125 8.7872409820556640625 9.0006513595581054688 9.2144327163696289062 9.4285211563110351562 9.6429014205932617188 9.85750579833984375 10.072275161743164062 10.287206649780273438 10.502253532409667969 10.717385292053222656 10.932580947875976562 11.147789955139160156 11.363012313842773438 11.578192710876464844 11.793325424194335938 12.008401870727539062 12.223370552062988281 12.438225746154785156 12.6529388427734375 12.867527961730957031 13.081938743591308594 -9999
5.1203670501708984375 5.3067646026611328125 5.4963593482971191406 5.6887941360473632812 5.8837847709655761719 6.0810499191284179688 6.2803454399108886719 6.4814801216125488281 6.684253692626953125 6.8884854316711425781 7.0940351486206054688 7.3007655143737792969 7.5085577964782714844 7.7172932624816894531 7.9268827438354492188 8.1372308731079101562 8.3482351303100585938 8.55985260009765625 8.7720022201538085938 8.984619140625 9.1976366043090820312 9.4110116958618164062 9.6246919631958007812 9.838634490966796875 10.052812576293945312 10.267157554626464844 10.481633186340332031 10.696245193481445312 10.910935401916503906 11.125664710998535156 11.340411186218261719 11.555153846740722656 11.769885063171386719 11.984547615051269531 12.199135780334472656 12.413630485534667969 12.628009796142578125 12.842255592346191406 13.056349754333496094 -9999
