tests/fixtures/reference/slope/slope-gdal.asc
ncols        120
nrows        100
xllcorner    500000.000000000000
yllcorner    4600000.000000000000
cellsize     1.000000000000
NODATA_value -9999
[rows 36 to 53 of 100, columns 80 to 119 of 120]
5.7707448005676269531 6.0000429153442382812 6.2291479110717773438 6.4580588340759277344 6.686756134033203125 6.9152398109436035156 7.1435070037841796875 7.3715510368347167969 7.5993566513061523438 7.8269214630126953125 8.0542364120483398438 8.2812957763671875 8.50809478759765625 8.7346324920654296875 8.9609003067016601562 9.18686676025390625 9.4125537872314453125 9.6379528045654296875 9.8630456924438476562 10.087838172912597656 10.312323570251464844 10.536463737487792969 10.760289192199707031 10.983798980712890625 11.206955909729003906 11.429783821105957031 11.652248382568359375 11.874332427978515625 12.096106529235839844 12.317498207092285156 12.538481712341308594 12.759135246276855469 12.979378700256347656 13.199235916137695312 13.418709754943847656 13.637757301330566406 13.856410980224609375 14.074669837951660156 14.292482376098632812 -9999
5.7251958847045898438 5.954463958740234375 6.1835522651672363281 6.4124546051025390625 6.6411414146423339844 6.8696241378784179688 7.097896575927734375 7.3259472846984863281 7.5537667274475097656 7.7813358306884765625 8.0086679458618164062 8.2357616424560546875 8.4625759124755859375 8.6891336441040039062 8.915439605712890625 9.1414461135864257812 9.3671617507934570312 9.5925922393798828125 9.817722320556640625 10.042563438415527344 10.267093658447265625 10.49127960205078125 10.715160369873046875 10.938721656799316406 11.161919593811035156 11.384786605834960938 11.607319831848144531 11.829488754272460938 12.051293373107910156 12.272737503051757812 12.4938201904296875 12.714528083801269531 12.934826850891113281 13.154760360717773438 13.374279975891113281 13.593401908874511719 13.812164306640625 14.030480384826660156 14.248354911804199219 -9999
5.6809282302856445312 5.9101290702819824219 6.1391482353210449219 6.3679895401000976562 6.5966348648071289062 6.8250751495361328125 7.0533108711242675781 7.2813267707824707031 7.509124755859375 7.73668670654296875 7.9640040397644042969 8.1910848617553710938 8.4179048538208007812 8.644466400146484375 8.870769500732421875 9.0967884063720703125 9.3225307464599609375 9.547977447509765625 9.77312469482421875 9.997982025146484375 10.222531318664550781 10.446773529052734375 10.670683860778808594 10.894263267517089844 11.117512702941894531 11.340409278869628906 11.562971115112304688 11.785196304321289062 12.007076263427734375 12.228555679321289062 12.449677467346191406 12.670437812805175781 12.890790939331054688 13.110785484313964844 13.33037567138671875 13.549578666687011719 13.768369674682617188 13.986738204956054688 14.204709053039550781 -9999
5.6379899978637695312 5.8670544624328613281 6.0959563255310058594 6.3246927261352539062 6.5532450675964355469 6.7816042900085449219 7.0097713470458984375 7.2377228736877441406 7.4654650688171386719 7.6929841041564941406 7.9202566146850585938 8.1473026275634765625 8.3740949630737304688 8.6006317138671875 8.8269128799438476562 9.0529184341430664062 9.2786588668823242188 9.5041046142578125 9.729259490966796875 9.9541225433349609375 10.178668022155761719 10.402922630310058594 10.626847267150878906 10.850436210632324219 11.073733329772949219 11.296668052673339844 11.519248008728027344 11.741502761840820312 11.963405609130859375 12.184920310974121094 12.4060821533203125 12.62688446044921875 12.847296714782714844 13.067325592041015625 13.286975860595703125 13.506216049194335938 13.725048065185546875 13.943499565124511719 14.161538124084472656 -9999
5.596401214599609375 5.825275421142578125 6.0540103912353515625 6.282596588134765625 6.5110111236572265625 6.7392382621765136719 6.9672899246215820312 7.1951508522033691406 7.4227933883666992188 7.6502318382263183594 7.8774466514587402344 8.10442352294921875 8.331165313720703125 8.5576467514038085938 8.7838802337646484375 9.009857177734375 9.235561370849609375 9.4609889984130859375 9.6861248016357421875 9.9109678268432617188 10.135518074035644531 10.35974884033203125 10.58367919921875 10.807297706604003906 11.030576705932617188 11.253520965576171875 11.476128578186035156 11.698390007019042969 11.920300483703613281 12.141878128051757812 12.363066673278808594 12.583861351013183594 12.8043212890625 13.024397850036621094 13.244072914123535156 13.463356971740722656 13.682229995727539062 13.900727272033691406 14.118826866149902344 -9999
5.5561981201171875 5.784824371337890625 6.0133333206176757812 6.2417125701904296875 6.4699378013610839844 6.698009490966796875 6.9259080886840820312 7.153614044189453125 7.3811440467834472656 7.6084647178649902344 7.8355693817138671875 8.0624589920043945312 8.289112091064453125 8.51552581787109375 8.7416973114013671875 8.967609405517578125 9.1932621002197265625 9.4186429977416992188 9.6437320709228515625 9.8685426712036132812 10.09307098388671875 10.317286491394042969 10.541199684143066406 10.764791488647460938 10.988061904907226562 11.211017608642578125 11.433610916137695312 11.655877113342285156 11.877808570861816406 12.099386215209960938 12.320590019226074219 12.541414260864257812 12.761880874633789062 12.981982231140136719 13.201699256896972656 13.421000480651855469 13.639920234680175781 13.85845184326171875 14.076554298400878906 -9999
5.5174098014831542969 5.7457265853881835938 5.9739527702331542969 6.202068328857421875 6.4300656318664550781 6.6579241752624511719 6.8856229782104492188 7.1131577491760253906 7.3405222892761230469 7.5676932334899902344 7.7946624755859375 8.0214223861694335938 8.2479619979858398438 8.4742803573608398438 8.7003536224365234375 8.9261875152587890625 9.15177154541015625 9.3770732879638671875 9.602108001708984375 9.8268642425537109375 10.051340103149414062 10.275533676147460938 10.499392509460449219 10.722954750061035156 10.9462127685546875 11.169137001037597656 11.391729354858398438 11.613971710205078125 11.835896492004394531 12.057459831237792969 12.27867889404296875 12.499525070190429688 12.719999313354492188 12.940123558044433594 13.159832000732421875 13.379168510437011719 13.598112106323242188 13.816655158996582031 14.034809112548828125 -9999
5.4800705909729003906 5.7080121040344238281 5.9358963966369628906 6.1636991500854492188 6.3914113044738769531 6.6190094947814941406 6.8464636802673339844 7.0737819671630859375 7.3009457588195800781 7.5279359817504882812 7.7547354698181152344 7.9813408851623535156 8.2077455520629882812 8.4339199066162109375 8.65987396240234375 8.8856105804443359375 9.1110820770263671875 9.3362941741943359375 9.561260223388671875 9.78594207763671875 10.010345458984375 10.234466552734375 10.458292961120605469 10.6818084716796875 10.904999732971191406 11.127900123596191406 11.350477218627929688 11.5727081298828125 11.794599533081054688 12.016148567199707031 12.237346649169921875 12.45818328857421875 12.678668975830078125 12.898772239685058594 13.118497848510742188 13.337841987609863281 13.556796073913574219 13.77538299560546875 13.993518829345703125 -9999
5.4442086219787597656 5.6717042922973632812 5.8991856575012207031 6.1266236305236816406 6.3539953231811523438 6.5812845230102539062 6.8084611892700195312 7.0355181694030761719 7.2624378204345703125 7.48920440673828125 7.7157983779907226562 7.9422206878662109375 8.1684541702270507812 8.3944768905639648438 8.6202840805053710938 8.845867156982421875 9.0712270736694335938 9.2963314056396484375 9.5211801528930664062 9.7457752227783203125 9.9700918197631835938 10.194127082824707031 10.417875289916992188 10.64133453369140625 10.864497184753417969 11.08733367919921875 11.309850692749023438 11.532041549682617188 11.753888130187988281 11.975409507751464844 12.196605682373046875 12.417436599731445312 12.637895584106445312 12.857975959777832031 13.077684402465820312 13.29705047607421875 13.516019821166992188 13.734560966491699219 13.952742576599121094 -9999
5.4098525047302246094 5.6368389129638671875 5.86385345458984375 6.0908656120300292969 6.3178462982177734375 6.544773101806640625 6.7716197967529296875 6.9983773231506347656 7.2250127792358398438 7.4515180587768554688 7.6778855323791503906 7.9040889739990234375 8.13010406494140625 8.3559370040893554688 8.581577301025390625 8.8070068359375 9.0322055816650390625 9.25717926025390625 9.4819087982177734375 9.7063732147216796875 9.9305820465087890625 10.15453338623046875 10.378184318542480469 10.60155487060546875 10.824642181396484375 11.047411918640136719 11.2698822021484375 11.4920196533203125 11.713830947875976562 11.935294151306152344 12.156427383422851562 12.377241134643554688 12.597661972045898438 12.817730903625488281 13.037459373474121094 13.256775856018066406 13.475724220275878906 13.694284439086914062 13.912451744079589844 -9999
5.3770356178283691406 5.6034398078918457031 5.8299202919006347656 6.0564494132995605469 6.2829847335815429688 6.5094981193542480469 6.7359704971313476562 6.9623765945434570312 7.1886982917785644531 7.4149045944213867188 7.640987396240234375 7.8669362068176269531 8.0927219390869140625 8.3183431625366210938 8.543773651123046875 8.769008636474609375 8.9940404891967773438 9.2188510894775390625 9.4434251785278320312 9.667758941650390625 9.8918399810791015625 10.115659713745117188 10.339222908020019531 10.56249237060546875 10.785473823547363281 11.008158683776855469 11.23055267333984375 11.452633857727050781 11.67436981201171875 11.89577484130859375 12.116873741149902344 12.337655067443847656 12.558019638061523438 12.778056144714355469 12.997742652893066406 13.217021942138671875 13.435976028442382812 13.654520988464355469 13.8726654052734375 -9999
5.3457851409912109375 5.5715351104736328125 5.7974176406860351562 6.0233988761901855469 6.2494282722473144531 6.4754824638366699219 6.7015290260314941406 6.9275379180908203125 7.1534953117370605469 7.3793697357177734375 7.6051397323608398438 7.8307924270629882812 8.056308746337890625 8.2816877365112304688 8.5068922042846679688 8.7319040298461914062 8.9567365646362304688 9.1813611984252929688 9.4057569503784179688 9.6299352645874023438 9.8538751602172851562 10.077554702758789062 10.300976753234863281 10.524115562438964844 10.746999740600585938 10.969611167907714844 11.191899299621582031 11.413868904113769531 11.635540008544921875 11.856888771057128906 12.077921867370605469 12.298604965209960938 12.518945693969726562 12.738959312438964844 12.95858001708984375 13.177834510803222656 13.396757125854492188 13.615263938903808594 13.833397865295410156 -9999
5.3161244392395019531 5.5411467552185058594 5.7663669586181640625 5.9917345046997070312 6.2172060012817382812 6.4427442550659179688 6.6683144569396972656 6.8938837051391601562 7.1194238662719726562 7.3449344635009765625 7.5703520774841308594 7.7956781387329101562 8.0209064483642578125 8.2459774017333984375 8.470928192138671875 8.695709228515625 8.9203004837036132812 9.1447153091430664062 9.3689260482788085938 9.592914581298828125 9.8166751861572265625 10.040197372436523438 10.263471603393554688 10.486498832702636719 10.709257125854492188 10.931723594665527344 11.153889656066894531 11.375769615173339844 11.597346305847167969 11.818622589111328125 12.039577484130859375 12.260174751281738281 12.480463981628417969 12.700407028198242188 12.919971466064453125 13.139193534851074219 13.358059883117675781 13.576540946960449219 13.794644355773925781 -9999
5.2880883216857910156 5.5123081207275390625 5.7367920875549316406 5.9614810943603515625 6.1863369941711425781 6.4113030433654785156 6.6363434791564941406 6.8614249229431152344 7.0865240097045898438 7.3116064071655273438 7.5366373062133789062 7.7616033554077148438 7.98648834228515625 8.2112598419189453125 8.4359045028686523438 8.6604070663452148438 8.8847570419311523438 9.1089410781860351562 9.33292388916015625 9.5567064285278320312 9.7802734375 10.003622055053710938 10.226736068725585938 10.4495849609375 10.672183990478515625 10.8945159912109375 11.116566658020019531 11.338357925415039062 11.559824943542480469 11.780973434448242188 12.001834869384765625 12.222361564636230469 12.442569732666015625 12.662415504455566406 12.881916999816894531 13.1010894775390625 13.319914817810058594 13.538348197937011719 13.756395339965820312 -9999
5.2617020606994628906 5.4850378036499023438 5.7087168693542480469 5.9326663017272949219 6.1568408012390136719 6.3811740875244140625 6.6056380271911621094 6.8301906585693359375 7.0547895431518554688 7.279407501220703125 7.5040140151977539062 7.728580474853515625 7.9530878067016601562 8.1775197982788085938 8.4018411636352539062 8.6260480880737304688 8.8501110076904296875 9.074024200439453125 9.2977666854858398438 9.5213117599487304688 9.7446641921997070312 9.96781158447265625 10.19074249267578125 10.413423538208007812 10.635857582092285156 10.858034133911132812 11.079943656921386719 11.301587104797363281 11.522930145263671875 11.743974685668945312 11.96472930908203125 12.185130119323730469 12.405246734619140625 12.625046730041503906 12.844455718994140625 13.063555717468261719 13.282304763793945312 13.500666618347167969 13.718684196472167969 -9999
5.23699188232421875 5.4593653678894042969 5.6821651458740234375 5.9053068161010742188 6.1287317276000976562 6.3523874282836914062 6.5762228965759277344 6.8001871109008789062 7.0242428779602050781 7.24835968017578125 7.4724893569946289062 7.6966123580932617188 7.9207324981689453125 8.1447839736938476562 8.3687381744384765625 8.5926141738891601562 8.8163728713989257812 9.0399961471557617188 9.2634601593017578125 9.48676300048828125 9.7098779678344726562 9.932788848876953125 10.155515670776367188 10.378006935119628906 10.600244522094726562 10.822249412536621094 11.044010162353515625 11.265490531921386719 11.486680030822753906 11.707608222961425781 11.928253173828125 12.14855194091796875 12.368551254272460938 12.588225364685058594 12.807567596435546875 13.026586532592773438 13.245230674743652344 13.463545799255371094 13.681500434875488281 -9999
5.2139811515808105469 5.4353117942810058594 5.6571512222290039062 5.8794207572937011719 6.1020479202270507812 6.3249573707580566406 6.5481066703796386719 6.771434783935546875 6.9948949813842773438 7.2184605598449707031 7.442096710205078125 7.6657519340515136719 7.8894090652465820312 8.1130475997924804688 8.336620330810546875 8.5601348876953125 8.7835607528686523438 9.0068531036376953125 9.2300262451171875 9.4530506134033203125 9.6759042739868164062 9.8985757827758789062 10.121051788330078125 10.343334197998046875 10.565382003784179688 10.787196159362792969 11.008765220642089844 11.23006439208984375 11.451123237609863281 11.671905517578125 11.892373085021972656 12.112569808959960938 12.3324737548828125 12.552023887634277344 12.771249771118164062 12.990183830261230469 13.208740234375 13.426959037780761719 13.644850730895996094 -9999
5.1926908493041992188 5.4128994941711425781 5.6337060928344726562 5.8550386428833007812 6.076793670654296875 6.2989010810852050781 6.5213055610656738281 6.7439475059509277344 6.9667773246765136719 7.1897439956665039062 7.4128241539001464844 7.6359729766845703125 7.8591504096984863281 8.082340240478515625 8.3055009841918945312 8.5286149978637695312 8.751667022705078125 8.9746141433715820312 9.1974639892578125 9.4201898574829101562 9.642757415771484375 9.8651609420776367188 10.087391853332519531 10.309423446655273438 10.531248092651367188 10.752854347229003906 10.974225997924804688 11.195367813110351562 11.416239738464355469 11.636845588684082031 11.857186317443847656 12.077215194702148438 12.296972274780273438 12.516409873962402344 12.735533714294433594 12.954357147216796875 13.172810554504394531 13.390923500061035156 13.608713150024414062 -9999
