tests/fixtures/reference/slope/slope-gdal.asc
ncols        120
nrows        100
xllcorner    500000.000000000000
yllcorner    4600000.000000000000
cellsize     1.000000000000
NODATA_value -9999
[rows 18 to 35 of 100, columns 40 to 79 of 120]
3.0075800418853759766 2.8084547519683837891 2.6145510673522949219 2.4271454811096191406 2.2478928565979003906 2.0789320468902587891 1.9229998588562011719 1.7835410833358764648 1.6647205352783203125 1.5712450742721557617 1.5078483819961547852 1.478413701057434082 1.4849658012390136719 1.5270410776138305664 1.6018372774124145508 1.7050447463989257812 1.8318558931350708008 1.9777196645736694336 2.13872528076171875 2.3116919994354248047 2.494113922119140625 2.6840403079986572266 2.8799648284912109375 3.0807225704193115234 3.2854018211364746094 3.4932894706726074219 3.7038207054138183594 3.9165453910827636719 4.1310973167419433594 4.3471813201904296875 4.5645532608032226562 4.7830119132995605469 5.0023894309997558594 5.2225413322448730469 5.4433484077453613281 5.6647105216979980469 5.8865370750427246094 6.1087388992309570312 6.3312621116638183594 6.5540528297424316406
3.0086681842803955078 2.8057043552398681641 2.6073784828186035156 2.4148623943328857422 2.2296893596649169922 2.0538742542266845703 1.8900580406188964844 1.7416509389877319336 1.6129359006881713867 1.5089788436889648438 1.4351848363876342773 1.3963544368743896484 1.3954144716262817383 1.4324398040771484375 1.5046256780624389648 1.6072328090667724609 1.7348604202270507812 1.8824106454849243164 2.0455603599548339844 2.2208554744720458984 2.4056217670440673828 2.5978181362152099609 2.7958903312683105469 2.9986500740051269531 3.2051851749420166016 3.4147858619689941406 3.626895904541015625 3.8410739898681640625 4.0569663047790527344 4.2742910385131835938 4.4928107261657714844 4.7123332023620605469 4.9326977729797363281 5.1537718772888183594 5.3754377365112304688 5.5976061820983886719 5.8201889991760253906 6.0431056022644042969 6.2662973403930664062 6.4897170066833496094
3.012928009033203125 2.8063580989837646484 2.6038594245910644531 2.4064931869506835938 2.2156572341918945312 2.0332193374633789062 1.8616777658462524414 1.704352259635925293 1.5655572414398193359 1.450642704963684082 1.3656659126281738281 1.3164498805999755859 1.3070464134216308594 1.3382967710494995117 1.4074916839599609375 1.5094137191772460938 1.6379525661468505859 1.7873604297637939453 1.9528365135192871094 2.1306204795837402344 2.3178620338439941406 2.5124261379241943359 2.7127153873443603516 2.9175269603729248047 3.1259472370147705078 3.3372774124145507812 3.5509731769561767578 3.7666025161743164062 3.983829498291015625 4.2023820877075195312 4.4220328330993652344 4.6426029205322265625 4.8639397621154785156 5.0859179496765136719 5.3084259033203125 5.5313801765441894531 5.7546963691711425781 5.9783048629760742188 6.2021546363830566406 6.426189422607421875
3.0203428268432617188 2.8104126453399658203 2.6040112972259521484 2.4020800590515136719 2.2058758735656738281 2.0171005725860595703 1.8380728960037231445 1.6719536781311035156 1.5229979753494262695 1.3967303037643432617 1.2997977733612060547 1.2391185760498046875 1.2201215028762817383 1.2447189092636108398 1.310455322265625 1.4115874767303466797 1.5411508083343505859 1.6926147937774658203 1.8606208562850952148 2.0410697460174560547 2.2309236526489257812 2.4279541969299316406 2.6305279731750488281 2.8374338150024414062 3.0477662086486816406 3.2608363628387451172 3.4761166572570800781 3.6931939125061035156 3.9117450714111328125 4.1315083503723144531 4.3522739410400390625 4.573871612548828125 4.7961592674255371094 5.0190157890319824219 5.2423448562622070312 5.4660649299621582031 5.6900954246520996094 5.9143729209899902344 6.13885498046875 6.3634805679321289062
3.0308928489685058594 2.8178546428680419922 2.6078307628631591797 2.4016439914703369141 2.2004029750823974609 2.0056288242340087891 1.8194292783737182617 1.6447453498840332031 1.4856723546981811523 1.3477737903594970703 1.2381651401519775391 1.1648756265640258789 1.1349732875823974609 1.1518461704254150391 1.2135428190231323242 1.3137557506561279297 1.4444795846939086914 1.5982300043106079102 1.7689962387084960938 1.9522989988327026367 2.1449062824249267578 2.3445031642913818359 2.5494263172149658203 2.7584650516510009766 2.9707264900207519531 3.1855421066284179688 3.4024016857147216797 3.6209135055541992188 3.8407673835754394531 4.0617227554321289062 4.2835822105407714844 4.506183624267578125 4.7293958663940429688 4.9531083106994628906 5.1772336959838867188 5.4016890525817871094 5.6264128684997558594 5.851345062255859375 6.0764279365539550781 6.3016247749328613281
3.0445451736450195312 2.8286559581756591797 2.6153013706207275391 2.4051861763000488281 2.1992714405059814453 1.9988851547241210938 1.80590057373046875 1.6229890584945678711 1.4539850950241088867 1.3043328523635864258 1.1814321279525756836 1.0943512916564941406 1.0520360469818115234 1.0598666667938232422 1.1167885065078735352 1.2159193754196166992 1.3479685783386230469 1.5042768716812133789 1.6780616044998168945 1.8644226789474487305 2.05992889404296875 2.2621884346008300781 2.4695191383361816406 2.680721282958984375 2.8949222564697265625 3.1114785671234130859 3.3299043178558349609 3.5498316287994384766 3.7709684371948242188 3.9930870532989501953 4.2160100936889648438 4.4395856857299804688 4.6636953353881835938 4.8882384300231933594 5.1131291389465332031 5.3382992744445800781 5.5636844635009765625 5.7892332077026367188 6.0149073600769042969 6.2406554222106933594
3.06125640869140625 2.8427801132202148438 2.6263933181762695312 2.4126911163330078125 2.2024865150451660156 1.9969167709350585938 1.7976031303405761719 1.6069064140319824219 1.4283120632171630859 1.2669762372970581055 1.1303384304046630859 1.02831268310546875 0.97187691926956176758 0.96903651952743530273 1.0202398300170898438 1.11808013916015625 1.2516578435897827148 1.4108436107635498047 1.5879373550415039062 1.7775752544403076172 1.9761281013488769531 2.1811404228210449219 2.3909277915954589844 2.6043126583099365234 2.8204543590545654297 3.0387387275695800781 3.2587099075317382812 3.4800231456756591797 3.702411651611328125 3.9256632328033447266 4.1496157646179199219 4.3741345405578613281 4.5991053581237792969 4.8244457244873046875 5.0500726699829101562 5.2759232521057128906 5.5019459724426269531 5.7280898094177246094 5.9543123245239257812 6.1805820465087890625
3.0809772014617919922 2.8601753711700439453 2.64105987548828125 2.4241211414337158203 2.2100307941436767578 1.9997377395629882812 1.7946095466613769531 1.5966699123382568359 1.408982396125793457 1.2362558841705322266 1.0856817960739135742 0.96768093109130859375 0.89524567127227783203 0.87971490621566772461 0.9239642024040222168 1.0202398300170898438 1.1556001901626586914 1.3180435895919799805 1.4987723827362060547 1.6919171810150146484 1.8936613798141479492 2.1015079021453857422 2.3137886524200439453 2.5293638706207275391 2.7474331855773925781 2.9674212932586669922 3.1889061927795410156 3.4115688800811767578 3.6351702213287353516 3.8595154285430908203 4.0844588279724121094 4.3098812103271484375 4.5356783866882324219 4.761775970458984375 4.9881043434143066406 5.2146029472351074219 5.4412264823913574219 5.667934417724609375 5.8946847915649414062 6.1214504241943359375
3.1036498546600341797 2.8807821273803710938 2.6592419147491455078 2.4394195079803466797 2.2218587398529052734 2.007328033447265625 1.7969466447830200195 1.5923918485641479492 1.3962606191635131836 1.2126773595809936523 1.0482861995697021484 0.91353428363800048828 0.82313048839569091797 0.79241478443145751953 0.82805961370468139648 0.92240029573440551758 1.0598666667938232422 1.2260228395462036133 1.4107506275177001953 1.6076409816741943359 1.8127133846282958984 2.0234596729278564453 2.2382535934448242188 2.4560093879699707031 2.6759791374206542969 2.8976330757141113281 3.1205873489379882812 3.3445553779602050781 3.5693190097808837891 3.7947111129760742188 4.0206012725830078125 4.24687957763671875 4.4734606742858886719 4.7002773284912109375 4.9272642135620117188 5.1543765068054199219 5.38156890869140625 5.6088056564331054688 5.8360514640808105469 6.0632786750793457031
3.1292090415954589844 2.9045350551605224609 2.6808679103851318359 2.4585154056549072266 2.2379024028778076172 2.0196335315704345703 1.8045927286148071289 1.5941209793090820312 1.3903276920318603516 1.1966632604598999023 1.0189523696899414062 0.86709004640579223633 0.75682431459426879883 0.7078857421875 0.73267424106597900391 0.82456457614898681641 0.96455609798431396484 1.1349735260009765625 1.3241026401519775391 1.5249778032302856445 1.7334990501403808594 1.9471886157989501953 2.1644928455352783203 2.3843984603881835938 2.6062231063842773438 2.8294892311096191406 3.0538544654846191406 3.2790684700012207031 3.504940032958984375 3.7313234806060791016 3.9581048488616943359 4.1851911544799804688 4.4125065803527832031 4.6399936676025390625 4.8676028251647949219 5.0952863693237304688 5.3230090141296386719 5.5507359504699707031 5.7784395217895507812 6.0060977935791015625
3.1575841903686523438 2.9313530921936035156 2.7058532238006591797 2.4813191890716552734 2.2580716609954833984 2.0365691184997558594 1.81748199462890625 1.6018372774124145508 1.3912709951400756836 1.1885198354721069336 0.99839162826538085938 0.82964336872100830078 0.69798690080642700195 0.62725239992141723633 0.63804417848587036133 0.7267373204231262207 0.86981070041656494141 1.0451512336730957031 1.2391186952590942383 1.4442070722579956055 1.6562685966491699219 1.8729134798049926758 2.0926947593688964844 2.3146946430206298828 2.5383062362670898438 2.7631123065948486328 2.9888172149658203125 3.2152049541473388672 3.4421160221099853516 3.6694264411926269531 3.8970382213592529297 4.1248731613159179688 4.3528723716735839844 4.580982208251953125 4.8091607093811035156 5.0373702049255371094 5.2655777931213378906 5.4937572479248046875 5.7218885421752929688 5.9499440193176269531
3.1887006759643554688 2.9611530303955078125 2.7341070175170898438 2.5077304840087890625 2.282257080078125 2.0580191612243652344 1.8355027437210083008 1.6154549121856689453 1.3990767002105712891 1.1884100437164306641 0.98715382814407348633 0.8024565577507019043 0.64865577220916748047 0.55222642421722412109 0.54456466436386108398 0.62892472743988037109 0.77583992481231689453 0.9569047093391418457 1.1561679840087890625 1.3656660318374633789 1.5813148021697998047 1.8008829355239868164 2.0230710506439208984 2.2470769882202148438 2.472381591796875 2.6986343860626220703 2.9255888462066650391 3.1530671119689941406 3.3809370994567871094 3.6090972423553466797 3.8374705314636230469 4.0659918785095214844 4.2946114540100097656 4.5232892036437988281 4.7519855499267578125 4.9806690216064453125 5.2093195915222167969 5.4379110336303710938 5.6664214134216308594 5.8948407173156738281
3.2224771976470947266 2.9938457012176513672 2.7655274868011474609 2.5376353263854980469 2.3103315830230712891 2.0838444232940673828 1.8585056066513061523 1.6348264217376708984 1.4136308431625366211 1.1963344812393188477 0.98555684089660644531 0.78659456968307495117 0.61113816499710083008 0.48541590571403503418 0.45295301079750061035 0.53113842010498046875 0.68296581506729125977 0.87071591615676879883 1.0757226943969726562 1.289764404296875 1.5089789628982543945 1.7313792705535888672 1.955855250358581543 2.1817412376403808594 2.4086151123046875 2.6361966133117675781 2.8642904758453369141 3.0927569866180419922 3.3214938640594482422 3.5504198074340820312 3.7794749736785888672 4.0086088180541992188 4.2377839088439941406 4.4669647216796875 4.6961207389831542969 4.9252328872680664062 5.1542763710021972656 5.3832302093505859375 5.6120839118957519531 5.8408222198486328125
3.2588305473327636719 3.0293393135070800781 2.8000075817108154297 2.5709111690521240234 2.3421549797058105469 2.1138834953308105469 1.8863074779510498047 1.6597493886947631836 1.4347274303436279297 1.2121360301971435547 0.99364781379699707031 0.78274685144424438477 0.58770078420639038086 0.43066412210464477539 0.36462333798408508301 0.43339961767196655273 0.59170854091644287109 0.78726214170455932617 0.99839168787002563477 1.216997981071472168 1.4396575689315795898 1.6647208929061889648 1.8913056850433349609 2.1188998222351074219 2.3471841812133789062 2.5759494304656982422 2.8050510883331298828 3.0343871116638183594 3.2638819217681884766 3.49347686767578125 3.7231264114379882812 3.9527935981750488281 4.1824483871459960938 4.4120650291442871094 4.6416215896606445312 4.87110137939453125 5.1004862785339355469 5.3297572135925292969 5.5589056015014648438 5.7879128456115722656
3.2976744174957275391 3.0675318241119384766 2.8374342918395996094 2.6074285507202148438 2.3775756359100341797 2.1479594707489013672 1.9186996221542358398 1.6899780035018920898 1.4620839357376098633 1.2355123758316040039 1.0111937522888183594 0.79108768701553344727 0.58005559444427490234 0.39304482936859130859 0.28266960382461547852 0.33575135469436645508 0.50295108556747436523 0.70751500129699707031 0.92495840787887573242 1.1479654312133789062 1.3738082647323608398 1.601263880729675293 1.8297067880630493164 2.0587835311889648438 2.2882778644561767578 2.5180504322052001953 2.748004913330078125 2.9780726432800292969 3.2082028388977050781 3.4383561611175537109 3.6685006618499755859 3.8986113071441650391 4.128665924072265625 4.3586454391479492188 4.5885362625122070312 4.8183217048645019531 5.0479884147644042969 5.2775235176086425781 5.5069155693054199219 5.7361612319946289062
3.3389220237731933594 3.1083242893218994141 2.8776924610137939453 2.6470525264739990234 2.4164347648620605469 2.1858820915222167969 1.9554529190063476562 1.7252327203750610352 1.495354771614074707 1.2660437822341918945 1.0377150774002075195 0.81124228239059448242 0.58881753683090209961 0.37771266698837280273 0.21453297138214111328 0.23831032216548919678 0.41829073429107666016 0.63287913799285888672 0.85642659664154052734 1.0833822488784790039 1.3119566440582275391 1.5414061546325683594 1.7713669538497924805 2.0016379356384277344 2.232097625732421875 2.4626674652099609375 2.6932926177978515625 2.9239332675933837891 3.1545596122741699219 3.3851492404937744141 3.6156780719757080078 3.846134185791015625 4.0765008926391601562 4.3067626953125 4.5369124412536621094 4.7669367790222167969 4.9968242645263671875 5.2265677452087402344 5.4561572074890136719 5.6855859756469726562
3.3824837207794189453 3.151615142822265625 2.9206640720367431641 2.6896440982818603516 2.4585680961608886719 2.2274546623229980469 1.9963256120681762695 1.7652113437652587891 1.5341550111770629883 1.3032259941101074219 1.0725462436676025391 0.84236282110214233398 0.6132825016975402832 0.3873234093189239502 0.17696826159954071045 0.14151011407375335693 0.34079754352569580078 0.56538385152816772461 0.79406917095184326172 1.0240918397903442383 1.2546949386596679688 1.485584259033203125 1.7166206836700439453 1.9477268457412719727 2.1788556575775146484 2.4099748134613037109 2.64105987548828125 2.87209320068359375 3.1030597686767578125 3.3339469432830810547 3.5647401809692382812 3.7954337596893310547 4.0260162353515625 4.2564740180969238281 4.4868040084838867188 4.7169981002807617188 4.9470424652099609375 5.1769318580627441406 5.4066605567932128906 5.6362185478210449219
3.4282701015472412109 3.1973013877868652344 2.9662301540374755859 2.7350645065307617188 2.5038101673126220703 2.2724759578704833984 2.0410697460174560547 1.8095999956130981445 1.5780761241912841797 1.3465077877044677734 1.11490631103515625 0.88328927755355834961 0.65168482065200805664 0.42016959190368652344 0.1891619563102722168 0.049287572503089904785 0.27656522393226623535 0.50788748264312744141 0.73945146799087524414 0.97106593847274780273 1.2026803493499755859 1.4342705011367797852 1.6658233404159545898 1.8973280191421508789 2.1287741661071777344 2.3601541519165039062 2.5914587974548339844 2.8226804733276367188 3.0538125038146972656 3.2848448753356933594 3.5157709121704101562 3.7465834617614746094 3.9772756099700927734 4.2078380584716796875 4.4382648468017578125 4.6685495376586914062 4.8986811637878417969 5.1286559104919433594 5.3584651947021484375 5.5880990028381347656
